8 180 149
19 207 2
49 210 176
64 197 61
80 207 265
82 201 122
92 186 150
152 200 52
154 182 7
162 195 25
181 202 101
183 242 13
1 166 124
8 182 189
19 211 92
26 160 256
37 185 297
42 206 5
49 202 87
64 183 227
80 237 205
82 196 94
92 177 271
143 156 198
154 143 156
155 212 40
158 174 89
183 243 131
1 170 239
8 172 105
19 198 258
26 182 26
37 185 311
49 209 155
82 202 4
92 175 19
152 164 78
154 173 297
155 205 66
158 183 68
162 245 6
165 184 118
181 190 148
183 242 118
196 213 206
80 219 97
82 176 138
154 168 316
155 227 24
158 196 142
181 208 122
183 230 23
13 216 164
26 186 92
37 182 301
42 210 55
80 211 177
82 183 293
92 172 229
143 205 71
152 185 275
154 183 165
158 183 74
165 186 303
196 237 182
19 212 30
26 167 333
42 223 56
64 181 184
77 200 276
82 186 118
92 175 305
152 189 145
155 210 200
158 205 37
162 200 136
165 191 163
1 187 813
8 180 820
13 230 770
19 175 825
26 191 809
37 192 808
42 238 762
49 197 803
64 180 820
77 201 799
80 185 815
82 184 816
92 168 832
143 184 816
152 175 825
154 175 825
155 238 762
158 191 809
162 228 772
165 186 814
181 196 804
183 226 774
196 210 790
1 178 622
8 170 630
13 231 569
19 198 602
26 176 624
37 157 643
42 186 614
49 212 588
64 173 627
77 212 588
13 244 29
26 176 68
37 186 92
42 198 1
49 204 9
1 205 218
13 233 261
19 209 63
26 177 111
37 152 125
64 195 48
77 209 256
19 405 67
37 338 63
37 398 48
64 382 36
64 384 69
64 385 68
64 386 67
64 387 66
64 388 65
64 389 64
64 390 63
64 391 62
64 392 61
64 393 60
64 394 59
64 395 58
64 396 57
64 397 56
64 398 55
64 399 54
64 400 53
64 401 52
64 402 51
64 403 50
64 404 49
64 405 48
64 406 47
64 407 46
64 408 45
64 409 44
64 410 43
64 411 42
64 412 41
64 413 40
64 414 39
64 415 38
64 416 37
64 417 36
64 418 35
64 419 34
64 420 33
64 421 32
64 422 31
64 423 30
64 424 29
64 425 28
64 426 27
64 427 26
64 428 25
64 429 24
64 430 23
64 431 22
64 432 21
64 433 20
64 434 19
64 435 18
64 436 17
64 437 16
64 438 15
64 439 14
64 440 13
64 441 12
64 442 11
64 443 10
64 444 9
64 445 8
64 446 7
64 447 6
64 448 5
64 449 4
64 450 3
64 451 2
64 452 1
1 197 1
8 370 120
13 216 1
19 269 1
26 15 1
37 67 1
42 286 1
49 209 1
64 93 1
77 129 1
1 127 0
8 244 0
13 158 0
19 251 0
26 190 0
37 352 61
42 382 0
49 105 0
64 44 0
77 45 0
1 371 204
8 393 250
13 289 0
19 439 174
26 359 258
37 135 0
42 436 43
49 412 192
64 214 0
77 429 183
1 269 0
8 71 0
13 442 170
19 417 344
26 266 0
37 13 0
42 363 0
49 83 0
64 385 284
77 233 0
1 41 0
1 223 0
8 372 246
8 367 347
13 235 0
13 437 180
19 287 0
19 407 377
26 217 0
26 334 79
37 362 430
37 367 9
42 441 32
42 428 37
49 379 402
49 396 328
64 380 113
64 369 39
77 426 96
77 390 13
1 232 0
8 352 177
13 436 170
19 409 60
26 68 0
37 357 0
42 383 0
49 260 0
64 397 383
77 397 39
1 263 414
8 194 0
13 280 316
19 292 500
26 236 249
37 242 4
42 131 0
49 292 368
64 271 388
77 288 401
1 410 282
8 364 58
13 147 0
19 411 86
26 97 0
37 364 75
42 304 0
49 231 0
64 412 244
77 421 71
1 275 368
8 250 241
13 300 60
19 282 445
26 250 30
37 235 354
42 116 0
49 138 0
64 244 332
77 304 442
