0 21.22722 45.74944
1 26.10626 44.43225
2 8.27111 50.0
3 8.46472 49.48833
4 9.17702 48.78232
5 11.06833 49.44778
6 11.57549 48.13743
7 16.37208 48.20849
8 17.10674 48.14816
9 19.03991 47.49801
10 -87.90647 43.0389
11 -93.26384 44.97997
12 -86.25001 41.68338
13 -87.65005 41.85003
14 -94.62746 39.11417
15 -90.19789 38.62727
16 -93.60911 41.60054
17 -95.93779 41.25861
18 -85.75941 38.25424
19 -86.78444 36.16589
20 -5.66444 43.54111
21 -3.80444 43.46472
22 -8.71667 42.23333
23 -5.56667 42.6
24 -0.87734 41.65606
25 2.15899 41.38879
26 -2.92528 43.26271
27 -2.45 42.46667
28 -4.7 40.65
29 -1.97499 43.31283
30 -86.15804 39.76838
31 -84.45689 39.162
32 -83.55521 41.66394
33 -83.04575 42.33143
34 -84.19161 39.75895
35 -82.99879 39.96118
36 -84.56134 39.3995
37 -81.69541 41.4995
38 -78.87837 42.88645
39 -80.60091 40.46423
40 10.74609 59.91273
41 18.0649 59.33258
42 12.56553 55.67594
43 13.00073 55.60587
44 -1.61396 54.97328
45 -1.54785 53.79648
46 -4.25763 55.86515
47 -3.2 55.95
48 -2.97794 53.41058
49 -2.23743 53.48095
50 -9.13333 38.71667
51 -8.41667 40.2
52 -0.48149 38.34517
53 -1.11667 37.98333
54 -3.70256 40.4165
55 -0.37739 39.46975
56 -5.98694 37.37722
57 -6.96667 38.88333
58 -3.60667 37.18817
59 -4.42034 36.72016
60 -97.74306 30.26715
61 -98.49363 29.42412
62 -90.07507 29.95465
63 -90.18481 32.29876
64 -95.99278 36.15398
65 -97.51643 35.46756
66 -97.32085 32.72541
67 -96.80667 32.78306
68 -90.04898 35.14953
69 -95.36327 29.76328
70 0.68333 47.38333
71 -1.55336 47.21725
72 -1.68333 48.08333
73 -0.35912 49.18585
74 1.09932 49.44313
75 4.03333 49.25
76 6.13 49.61167
77 8.68333 50.11667
78 -0.56667 44.83333
79 0.33333 46.58333
80 -80.19366 25.77427
81 -80.0831 26.35869
82 -84.38798 33.749
83 -80.84313 35.22709
84 -79.79198 36.07264
85 -78.63861 35.7721
86 -82.45843 27.94752
87 -81.37924 28.53834
88 -81.65565 30.33218
89 -86.80249 33.52066
90 7.26608 43.70313
91 5.71667 45.16667
92 4.85 45.75
93 5.01667 47.31667
94 1.44367 43.60426
95 3.88333 43.6
96 5.4 43.3
97 23.32415 42.69751
98 14.42076 50.08804
99 6.14569 46.20222
100 7.44744 46.94809
101 -118.24368 34.05223
102 -117.85311 33.78779
103 -122.41942 37.77493
104 -121.95524 37.35411
105 -121.4944 38.58157
106 -122.2708 37.80437
107 -111.89105 40.76078
108 -116.20345 43.6135
109 -117.15726 32.71533
110 -112.07404 33.44838
111 11.87691 43.46139
112 12.4839 41.89474
113 30.73262 46.47747
114 28.05 45.45
115 28.16667 43.41667
116 28.65 44.18333
117 27.46781 42.50606
118 27.91667 43.21667
119 23.32415 42.69751
120 26.31667 41.71667
121 -98.23001 26.20341
122 -99.50754 27.50641
123 -100.38333 20.6
124 -100.31667 25.66667
125 -99.12766 19.42847
126 -103.33333 20.66667
127 -106.65114 35.08449
128 -106.48693 31.75872
129 -104.9847 39.73915
130 -104.82136 38.83388
131 13.73832 51.05089
132 7.6 47.56667
133 7.75 48.58333
134 9.18951 45.46427
135 8.55 47.36667
136 15.97798 45.81444
137 8.93386 44.40632
138 12.32667 45.43861
139 14.50513 46.05108
140 11.25 43.76667
141 11.33875 44.49381
142 13.41053 52.52437
143 10.0 53.55
145 -73.76291 41.03399
146 -76.61219 39.29038
151 -74.17237 40.73566
152 -75.16379 39.95234
153 -76.88442 40.2737
154 -77.03637 38.89511
155 -71.05977 42.35843
156 -71.41283 41.82399
157 -73.53873 41.05343
158 -74.00597 40.71427
159 -77.3861 38.96955
160 -79.99589 40.44062
161 6.95 50.93333
162 6.77616 51.22172
163 4.88969 52.37403
164 0.11667 52.2
165 -0.12574 51.50853
166 -0.58333 51.5
167 7.01667 51.45
168 7.45 51.51667
169 7.62571 51.96236
170 4.47917 51.9225
177 -6.26719 53.34399
178 -122.33207 47.60621
179 -122.67621 45.52345
180 -115.13722 36.17497
181 -73.58781 45.50884
182 24.75353 59.43696
183 2.3488 48.85341
184 3.06667 50.63333
185 8.80777 53.07516
186 4.34878 50.85045
187 4.41667 51.21667
188 -8.61667 41.15
189 24.93545 60.16952
190 36.25 50.0
191 30.5238 50.45466
192 21.01178 52.22977
193 19.91667 50.08333
194 16.60796 49.19522
195 -2.22001 52.18935
196 -73.75623 42.65258
0 21.22722 45.74944
1 26.10626 44.43225
2 8.27111 50.0
3 8.46472 49.48833
4 9.17702 48.78232
5 11.06833 49.44778
6 11.57549 48.13743
7 16.37208 48.20849
8 17.10674 48.14816
9 19.03991 47.49801
10 -87.90647 43.0389
11 -93.26384 44.97997
12 -86.25001 41.68338
13 -87.65005 41.85003
14 -94.62746 39.11417
15 -90.19789 38.62727
16 -93.60911 41.60054
17 -95.93779 41.25861
18 -85.75941 38.25424
19 -86.78444 36.16589
20 -5.66444 43.54111
21 -3.80444 43.46472
22 -8.71667 42.23333
23 -5.56667 42.6
24 -0.87734 41.65606
25 2.15899 41.38879
26 -2.92528 43.26271
27 -2.45 42.46667
28 -4.7 40.65
29 -1.97499 43.31283
30 -86.15804 39.76838
31 -84.45689 39.162
32 -83.55521 41.66394
33 -83.04575 42.33143
34 -84.19161 39.75895
35 -82.99879 39.96118
36 -84.56134 39.3995
37 -81.69541 41.4995
38 -78.87837 42.88645
39 -80.60091 40.46423
40 10.74609 59.91273
41 18.0649 59.33258
42 12.56553 55.67594
43 13.00073 55.60587
44 -1.61396 54.97328
45 -1.54785 53.79648
46 -4.25763 55.86515
47 -3.2 55.95
48 -2.97794 53.41058
49 -2.23743 53.48095
50 -9.13333 38.71667
51 -8.41667 40.2
52 -0.48149 38.34517
53 -1.11667 37.98333
54 -3.70256 40.4165
55 -0.37739 39.46975
56 -5.98694 37.37722
57 -6.96667 38.88333
58 -3.60667 37.18817
59 -4.42034 36.72016
60 -97.74306 30.26715
61 -98.49363 29.42412
62 -90.07507 29.95465
63 -90.18481 32.29876
64 -95.99278 36.15398
65 -97.51643 35.46756
66 -97.32085 32.72541
67 -96.80667 32.78306
68 -90.04898 35.14953
69 -95.36327 29.76328
70 0.68333 47.38333
71 -1.55336 47.21725
72 -1.68333 48.08333
73 -0.35912 49.18585
74 1.09932 49.44313
75 4.03333 49.25
76 6.13 49.61167
77 8.68333 50.11667
78 -0.56667 44.83333
79 0.33333 46.58333
80 -80.19366 25.77427
81 -80.0831 26.35869
82 -84.38798 33.749
83 -80.84313 35.22709
84 -79.79198 36.07264
85 -78.63861 35.7721
86 -82.45843 27.94752
87 -81.37924 28.53834
88 -81.65565 30.33218
89 -86.80249 33.52066
90 7.26608 43.70313
91 5.71667 45.16667
92 4.85 45.75
93 5.01667 47.31667
94 1.44367 43.60426
95 3.88333 43.6
96 5.4 43.3
97 23.32415 42.69751
98 14.42076 50.08804
99 6.14569 46.20222
100 7.44744 46.94809
101 -118.24368 34.05223
102 -117.85311 33.78779
103 -122.41942 37.77493
104 -121.95524 37.35411
105 -121.4944 38.58157
106 -122.2708 37.80437
107 -111.89105 40.76078
108 -116.20345 43.6135
109 -117.15726 32.71533
110 -112.07404 33.44838
111 11.87691 43.46139
112 12.4839 41.89474
113 30.73262 46.47747
114 28.05 45.45
115 28.16667 43.41667
116 28.65 44.18333
117 27.46781 42.50606
118 27.91667 43.21667
119 23.32415 42.69751
120 26.31667 41.71667
121 -98.23001 26.20341
122 -99.50754 27.50641
123 -100.38333 20.6
124 -100.31667 25.66667
125 -99.12766 19.42847
126 -103.33333 20.66667
127 -106.65114 35.08449
128 -106.48693 31.75872
129 -104.9847 39.73915
130 -104.82136 38.83388
131 13.73832 51.05089
132 7.6 47.56667
133 7.75 48.58333
134 9.18951 45.46427
135 8.55 47.36667
136 15.97798 45.81444
137 8.93386 44.40632
138 12.32667 45.43861
139 14.50513 46.05108
140 11.25 43.76667
141 11.33875 44.49381
142 13.41053 52.52437
143 10.0 53.55
145 -73.76291 41.03399
146 -76.61219 39.29038
151 -74.17237 40.73566
152 -75.16379 39.95234
153 -76.88442 40.2737
154 -77.03637 38.89511
155 -71.05977 42.35843
156 -71.41283 41.82399
157 -73.53873 41.05343
158 -74.00597 40.71427
159 -77.3861 38.96955
160 -79.99589 40.44062
161 6.95 50.93333
162 6.77616 51.22172
163 4.88969 52.37403
164 0.11667 52.2
165 -0.12574 51.50853
166 -0.58333 51.5
167 7.01667 51.45
168 7.45 51.51667
169 7.62571 51.96236
170 4.47917 51.9225
177 -6.26719 53.34399
178 -122.33207 47.60621
179 -122.67621 45.52345
180 -115.13722 36.17497
181 -73.58781 45.50884
182 24.75353 59.43696
183 2.3488 48.85341
184 3.06667 50.63333
185 8.80777 53.07516
186 4.34878 50.85045
187 4.41667 51.21667
188 -8.61667 41.15
189 24.93545 60.16952
190 36.25 50.0
191 30.5238 50.45466
192 21.01178 52.22977
193 19.91667 50.08333
194 16.60796 49.19522
195 -2.22001 52.18935
196 -73.75623 42.65258
0 21.22722 45.74944
1 26.10626 44.43225
2 8.27111 50.0
3 8.46472 49.48833
4 9.17702 48.78232
5 11.06833 49.44778
6 11.57549 48.13743
7 16.37208 48.20849
8 17.10674 48.14816
9 19.03991 47.49801
10 -87.90647 43.0389
11 -93.26384 44.97997
12 -86.25001 41.68338
13 -87.65005 41.85003
14 -94.62746 39.11417
15 -90.19789 38.62727
16 -93.60911 41.60054
17 -95.93779 41.25861
18 -85.75941 38.25424
19 -86.78444 36.16589
20 -5.66444 43.54111
21 -3.80444 43.46472
22 -8.71667 42.23333
23 -5.56667 42.6
24 -0.87734 41.65606
25 2.15899 41.38879
26 -2.92528 43.26271
27 -2.45 42.46667
28 -4.7 40.65
29 -1.97499 43.31283
30 -86.15804 39.76838
31 -84.45689 39.162
32 -83.55521 41.66394
33 -83.04575 42.33143
34 -84.19161 39.75895
35 -82.99879 39.96118
36 -84.56134 39.3995
37 -81.69541 41.4995
38 -78.87837 42.88645
39 -80.60091 40.46423
40 10.74609 59.91273
41 18.0649 59.33258
42 12.56553 55.67594
43 13.00073 55.60587
44 -1.61396 54.97328
45 -1.54785 53.79648
46 -4.25763 55.86515
47 -3.2 55.95
48 -2.97794 53.41058
49 -2.23743 53.48095
50 -9.13333 38.71667
51 -8.41667 40.2
52 -0.48149 38.34517
53 -1.11667 37.98333
54 -3.70256 40.4165
55 -0.37739 39.46975
56 -5.98694 37.37722
57 -6.96667 38.88333
58 -3.60667 37.18817
59 -4.42034 36.72016
60 -97.74306 30.26715
61 -98.49363 29.42412
62 -90.07507 29.95465
63 -90.18481 32.29876
64 -95.99278 36.15398
65 -97.51643 35.46756
66 -97.32085 32.72541
67 -96.80667 32.78306
68 -90.04898 35.14953
69 -95.36327 29.76328
70 0.68333 47.38333
71 -1.55336 47.21725
72 -1.68333 48.08333
73 -0.35912 49.18585
74 1.09932 49.44313
75 4.03333 49.25
76 6.13 49.61167
77 8.68333 50.11667
78 -0.56667 44.83333
79 0.33333 46.58333
80 -80.19366 25.77427
81 -80.0831 26.35869
82 -84.38798 33.749
83 -80.84313 35.22709
84 -79.79198 36.07264
85 -78.63861 35.7721
86 -82.45843 27.94752
87 -81.37924 28.53834
88 -81.65565 30.33218
89 -86.80249 33.52066
90 7.26608 43.70313
91 5.71667 45.16667
92 4.85 45.75
93 5.01667 47.31667
94 1.44367 43.60426
95 3.88333 43.6
96 5.4 43.3
97 23.32415 42.69751
98 14.42076 50.08804
99 6.14569 46.20222
100 7.44744 46.94809
101 -118.24368 34.05223
102 -117.85311 33.78779
103 -122.41942 37.77493
104 -121.95524 37.35411
105 -121.4944 38.58157
106 -122.2708 37.80437
107 -111.89105 40.76078
108 -116.20345 43.6135
109 -117.15726 32.71533
110 -112.07404 33.44838
111 11.87691 43.46139
112 12.4839 41.89474
113 30.73262 46.47747
114 28.05 45.45
115 28.16667 43.41667
116 28.65 44.18333
117 27.46781 42.50606
118 27.91667 43.21667
119 23.32415 42.69751
120 26.31667 41.71667
121 -98.23001 26.20341
122 -99.50754 27.50641
123 -100.38333 20.6
124 -100.31667 25.66667
125 -99.12766 19.42847
126 -103.33333 20.66667
127 -106.65114 35.08449
128 -106.48693 31.75872
129 -104.9847 39.73915
130 -104.82136 38.83388
131 13.73832 51.05089
132 7.6 47.56667
133 7.75 48.58333
134 9.18951 45.46427
135 8.55 47.36667
136 15.97798 45.81444
137 8.93386 44.40632
138 12.32667 45.43861
139 14.50513 46.05108
140 11.25 43.76667
141 11.33875 44.49381
142 13.41053 52.52437
143 10.0 53.55
145 -73.76291 41.03399
146 -76.61219 39.29038
151 -74.17237 40.73566
152 -75.16379 39.95234
153 -76.88442 40.2737
154 -77.03637 38.89511
155 -71.05977 42.35843
156 -71.41283 41.82399
157 -73.53873 41.05343
158 -74.00597 40.71427
159 -77.3861 38.96955
160 -79.99589 40.44062
161 6.95 50.93333
162 6.77616 51.22172
163 4.88969 52.37403
164 0.11667 52.2
165 -0.12574 51.50853
166 -0.58333 51.5
167 7.01667 51.45
168 7.45 51.51667
169 7.62571 51.96236
170 4.47917 51.9225
177 -6.26719 53.34399
178 -122.33207 47.60621
179 -122.67621 45.52345
180 -115.13722 36.17497
181 -73.58781 45.50884
182 24.75353 59.43696
183 2.3488 48.85341
184 3.06667 50.63333
185 8.80777 53.07516
186 4.34878 50.85045
187 4.41667 51.21667
188 -8.61667 41.15
189 24.93545 60.16952
190 36.25 50.0
191 30.5238 50.45466
192 21.01178 52.22977
193 19.91667 50.08333
194 16.60796 49.19522
195 -2.22001 52.18935
196 -73.75623 42.65258
0 21.22722 45.74944
1 26.10626 44.43225
2 8.27111 50.0
3 8.46472 49.48833
4 9.17702 48.78232
5 11.06833 49.44778
6 11.57549 48.13743
7 16.37208 48.20849
8 17.10674 48.14816
9 19.03991 47.49801
10 -87.90647 43.0389
11 -93.26384 44.97997
12 -86.25001 41.68338
13 -87.65005 41.85003
14 -94.62746 39.11417
15 -90.19789 38.62727
16 -93.60911 41.60054
17 -95.93779 41.25861
18 -85.75941 38.25424
19 -86.78444 36.16589
20 -5.66444 43.54111
21 -3.80444 43.46472
22 -8.71667 42.23333
23 -5.56667 42.6
24 -0.87734 41.65606
25 2.15899 41.38879
26 -2.92528 43.26271
27 -2.45 42.46667
28 -4.7 40.65
29 -1.97499 43.31283
30 -86.15804 39.76838
31 -84.45689 39.162
32 -83.55521 41.66394
33 -83.04575 42.33143
34 -84.19161 39.75895
35 -82.99879 39.96118
36 -84.56134 39.3995
37 -81.69541 41.4995
38 -78.87837 42.88645
39 -80.60091 40.46423
40 10.74609 59.91273
41 18.0649 59.33258
42 12.56553 55.67594
43 13.00073 55.60587
44 -1.61396 54.97328
45 -1.54785 53.79648
46 -4.25763 55.86515
47 -3.2 55.95
48 -2.97794 53.41058
49 -2.23743 53.48095
50 -9.13333 38.71667
51 -8.41667 40.2
52 -0.48149 38.34517
53 -1.11667 37.98333
54 -3.70256 40.4165
55 -0.37739 39.46975
56 -5.98694 37.37722
57 -6.96667 38.88333
58 -3.60667 37.18817
59 -4.42034 36.72016
60 -97.74306 30.26715
61 -98.49363 29.42412
62 -90.07507 29.95465
63 -90.18481 32.29876
64 -95.99278 36.15398
65 -97.51643 35.46756
66 -97.32085 32.72541
67 -96.80667 32.78306
68 -90.04898 35.14953
69 -95.36327 29.76328
70 0.68333 47.38333
71 -1.55336 47.21725
72 -1.68333 48.08333
73 -0.35912 49.18585
74 1.09932 49.44313
75 4.03333 49.25
76 6.13 49.61167
77 8.68333 50.11667
78 -0.56667 44.83333
79 0.33333 46.58333
80 -80.19366 25.77427
81 -80.0831 26.35869
82 -84.38798 33.749
83 -80.84313 35.22709
84 -79.79198 36.07264
85 -78.63861 35.7721
86 -82.45843 27.94752
87 -81.37924 28.53834
88 -81.65565 30.33218
89 -86.80249 33.52066
90 7.26608 43.70313
91 5.71667 45.16667
92 4.85 45.75
93 5.01667 47.31667
94 1.44367 43.60426
95 3.88333 43.6
96 5.4 43.3
97 23.32415 42.69751
98 14.42076 50.08804
99 6.14569 46.20222
100 7.44744 46.94809
101 -118.24368 34.05223
102 -117.85311 33.78779
103 -122.41942 37.77493
104 -121.95524 37.35411
105 -121.4944 38.58157
106 -122.2708 37.80437
107 -111.89105 40.76078
108 -116.20345 43.6135
109 -117.15726 32.71533
110 -112.07404 33.44838
111 11.87691 43.46139
112 12.4839 41.89474
113 30.73262 46.47747
114 28.05 45.45
115 28.16667 43.41667
116 28.65 44.18333
117 27.46781 42.50606
118 27.91667 43.21667
119 23.32415 42.69751
120 26.31667 41.71667
121 -98.23001 26.20341
122 -99.50754 27.50641
123 -100.38333 20.6
124 -100.31667 25.66667
125 -99.12766 19.42847
126 -103.33333 20.66667
127 -106.65114 35.08449
128 -106.48693 31.75872
129 -104.9847 39.73915
130 -104.82136 38.83388
131 13.73832 51.05089
132 7.6 47.56667
133 7.75 48.58333
134 9.18951 45.46427
135 8.55 47.36667
136 15.97798 45.81444
137 8.93386 44.40632
138 12.32667 45.43861
139 14.50513 46.05108
140 11.25 43.76667
141 11.33875 44.49381
142 13.41053 52.52437
143 10.0 53.55
145 -73.76291 41.03399
146 -76.61219 39.29038
151 -74.17237 40.73566
152 -75.16379 39.95234
153 -76.88442 40.2737
154 -77.03637 38.89511
155 -71.05977 42.35843
156 -71.41283 41.82399
157 -73.53873 41.05343
158 -74.00597 40.71427
159 -77.3861 38.96955
160 -79.99589 40.44062
161 6.95 50.93333
162 6.77616 51.22172
163 4.88969 52.37403
164 0.11667 52.2
165 -0.12574 51.50853
166 -0.58333 51.5
167 7.01667 51.45
168 7.45 51.51667
169 7.62571 51.96236
170 4.47917 51.9225
177 -6.26719 53.34399
178 -122.33207 47.60621
179 -122.67621 45.52345
180 -115.13722 36.17497
181 -73.58781 45.50884
182 24.75353 59.43696
183 2.3488 48.85341
184 3.06667 50.63333
185 8.80777 53.07516
186 4.34878 50.85045
187 4.41667 51.21667
188 -8.61667 41.15
189 24.93545 60.16952
190 36.25 50.0
191 30.5238 50.45466
192 21.01178 52.22977
193 19.91667 50.08333
194 16.60796 49.19522
195 -2.22001 52.18935
196 -73.75623 42.65258
0 21.22722 45.74944
1 26.10626 44.43225
2 8.27111 50.0
3 8.46472 49.48833
4 9.17702 48.78232
5 11.06833 49.44778
6 11.57549 48.13743
7 16.37208 48.20849
8 17.10674 48.14816
9 19.03991 47.49801
10 -87.90647 43.0389
11 -93.26384 44.97997
12 -86.25001 41.68338
13 -87.65005 41.85003
14 -94.62746 39.11417
15 -90.19789 38.62727
16 -93.60911 41.60054
17 -95.93779 41.25861
18 -85.75941 38.25424
19 -86.78444 36.16589
20 -5.66444 43.54111
21 -3.80444 43.46472
22 -8.71667 42.23333
23 -5.56667 42.6
24 -0.87734 41.65606
25 2.15899 41.38879
26 -2.92528 43.26271
27 -2.45 42.46667
28 -4.7 40.65
29 -1.97499 43.31283
30 -86.15804 39.76838
31 -84.45689 39.162
32 -83.55521 41.66394
33 -83.04575 42.33143
34 -84.19161 39.75895
35 -82.99879 39.96118
36 -84.56134 39.3995
37 -81.69541 41.4995
38 -78.87837 42.88645
39 -80.60091 40.46423
40 10.74609 59.91273
41 18.0649 59.33258
42 12.56553 55.67594
43 13.00073 55.60587
44 -1.61396 54.97328
45 -1.54785 53.79648
46 -4.25763 55.86515
47 -3.2 55.95
48 -2.97794 53.41058
49 -2.23743 53.48095
50 -9.13333 38.71667
51 -8.41667 40.2
52 -0.48149 38.34517
53 -1.11667 37.98333
54 -3.70256 40.4165
55 -0.37739 39.46975
56 -5.98694 37.37722
57 -6.96667 38.88333
58 -3.60667 37.18817
59 -4.42034 36.72016
60 -97.74306 30.26715
61 -98.49363 29.42412
62 -90.07507 29.95465
63 -90.18481 32.29876
64 -95.99278 36.15398
65 -97.51643 35.46756
66 -97.32085 32.72541
67 -96.80667 32.78306
68 -90.04898 35.14953
69 -95.36327 29.76328
70 0.68333 47.38333
71 -1.55336 47.21725
72 -1.68333 48.08333
73 -0.35912 49.18585
74 1.09932 49.44313
75 4.03333 49.25
76 6.13 49.61167
77 8.68333 50.11667
78 -0.56667 44.83333
79 0.33333 46.58333
80 -80.19366 25.77427
81 -80.0831 26.35869
82 -84.38798 33.749
83 -80.84313 35.22709
84 -79.79198 36.07264
85 -78.63861 35.7721
86 -82.45843 27.94752
87 -81.37924 28.53834
88 -81.65565 30.33218
89 -86.80249 33.52066
90 7.26608 43.70313
91 5.71667 45.16667
92 4.85 45.75
93 5.01667 47.31667
94 1.44367 43.60426
95 3.88333 43.6
96 5.4 43.3
97 23.32415 42.69751
98 14.42076 50.08804
99 6.14569 46.20222
100 7.44744 46.94809
101 -118.24368 34.05223
102 -117.85311 33.78779
103 -122.41942 37.77493
104 -121.95524 37.35411
105 -121.4944 38.58157
106 -122.2708 37.80437
107 -111.89105 40.76078
108 -116.20345 43.6135
109 -117.15726 32.71533
110 -112.07404 33.44838
111 11.87691 43.46139
112 12.4839 41.89474
113 30.73262 46.47747
114 28.05 45.45
115 28.16667 43.41667
116 28.65 44.18333
117 27.46781 42.50606
118 27.91667 43.21667
119 23.32415 42.69751
120 26.31667 41.71667
121 -98.23001 26.20341
122 -99.50754 27.50641
123 -100.38333 20.6
124 -100.31667 25.66667
125 -99.12766 19.42847
126 -103.33333 20.66667
127 -106.65114 35.08449
128 -106.48693 31.75872
129 -104.9847 39.73915
130 -104.82136 38.83388
131 13.73832 51.05089
132 7.6 47.56667
133 7.75 48.58333
134 9.18951 45.46427
135 8.55 47.36667
136 15.97798 45.81444
137 8.93386 44.40632
138 12.32667 45.43861
139 14.50513 46.05108
140 11.25 43.76667
141 11.33875 44.49381
142 13.41053 52.52437
143 10.0 53.55
145 -73.76291 41.03399
146 -76.61219 39.29038
151 -74.17237 40.73566
152 -75.16379 39.95234
153 -76.88442 40.2737
154 -77.03637 38.89511
155 -71.05977 42.35843
156 -71.41283 41.82399
157 -73.53873 41.05343
158 -74.00597 40.71427
159 -77.3861 38.96955
160 -79.99589 40.44062
161 6.95 50.93333
162 6.77616 51.22172
163 4.88969 52.37403
164 0.11667 52.2
165 -0.12574 51.50853
166 -0.58333 51.5
167 7.01667 51.45
168 7.45 51.51667
169 7.62571 51.96236
170 4.47917 51.9225
177 -6.26719 53.34399
178 -122.33207 47.60621
179 -122.67621 45.52345
180 -115.13722 36.17497
181 -73.58781 45.50884
182 24.75353 59.43696
183 2.3488 48.85341
184 3.06667 50.63333
185 8.80777 53.07516
186 4.34878 50.85045
187 4.41667 51.21667
188 -8.61667 41.15
189 24.93545 60.16952
190 36.25 50.0
191 30.5238 50.45466
192 21.01178 52.22977
193 19.91667 50.08333
194 16.60796 49.19522
195 -2.22001 52.18935
196 -73.75623 42.65258
0 21.22722 45.74944
1 26.10626 44.43225
2 8.27111 50.0
3 8.46472 49.48833
4 9.17702 48.78232
5 11.06833 49.44778
6 11.57549 48.13743
7 16.37208 48.20849
8 17.10674 48.14816
9 19.03991 47.49801
10 -87.90647 43.0389
11 -93.26384 44.97997
12 -86.25001 41.68338
13 -87.65005 41.85003
14 -94.62746 39.11417
15 -90.19789 38.62727
16 -93.60911 41.60054
17 -95.93779 41.25861
18 -85.75941 38.25424
19 -86.78444 36.16589
20 -5.66444 43.54111
21 -3.80444 43.46472
22 -8.71667 42.23333
23 -5.56667 42.6
24 -0.87734 41.65606
25 2.15899 41.38879
26 -2.92528 43.26271
27 -2.45 42.46667
28 -4.7 40.65
29 -1.97499 43.31283
30 -86.15804 39.76838
31 -84.45689 39.162
32 -83.55521 41.66394
33 -83.04575 42.33143
34 -84.19161 39.75895
35 -82.99879 39.96118
36 -84.56134 39.3995
37 -81.69541 41.4995
38 -78.87837 42.88645
39 -80.60091 40.46423
40 10.74609 59.91273
41 18.0649 59.33258
42 12.56553 55.67594
43 13.00073 55.60587
44 -1.61396 54.97328
45 -1.54785 53.79648
46 -4.25763 55.86515
47 -3.2 55.95
48 -2.97794 53.41058
49 -2.23743 53.48095
50 -9.13333 38.71667
51 -8.41667 40.2
52 -0.48149 38.34517
53 -1.11667 37.98333
54 -3.70256 40.4165
55 -0.37739 39.46975
56 -5.98694 37.37722
57 -6.96667 38.88333
58 -3.60667 37.18817
59 -4.42034 36.72016
60 -97.74306 30.26715
61 -98.49363 29.42412
62 -90.07507 29.95465
63 -90.18481 32.29876
64 -95.99278 36.15398
65 -97.51643 35.46756
66 -97.32085 32.72541
67 -96.80667 32.78306
68 -90.04898 35.14953
69 -95.36327 29.76328
70 0.68333 47.38333
71 -1.55336 47.21725
72 -1.68333 48.08333
73 -0.35912 49.18585
74 1.09932 49.44313
75 4.03333 49.25
76 6.13 49.61167
77 8.68333 50.11667
78 -0.56667 44.83333
79 0.33333 46.58333
80 -80.19366 25.77427
81 -80.0831 26.35869
82 -84.38798 33.749
83 -80.84313 35.22709
84 -79.79198 36.07264
85 -78.63861 35.7721
86 -82.45843 27.94752
87 -81.37924 28.53834
88 -81.65565 30.33218
89 -86.80249 33.52066
90 7.26608 43.70313
91 5.71667 45.16667
92 4.85 45.75
93 5.01667 47.31667
94 1.44367 43.60426
95 3.88333 43.6
96 5.4 43.3
97 23.32415 42.69751
98 14.42076 50.08804
99 6.14569 46.20222
100 7.44744 46.94809
101 -118.24368 34.05223
102 -117.85311 33.78779
103 -122.41942 37.77493
104 -121.95524 37.35411
105 -121.4944 38.58157
106 -122.2708 37.80437
107 -111.89105 40.76078
108 -116.20345 43.6135
109 -117.15726 32.71533
110 -112.07404 33.44838
111 11.87691 43.46139
112 12.4839 41.89474
113 30.73262 46.47747
114 28.05 45.45
115 28.16667 43.41667
116 28.65 44.18333
117 27.46781 42.50606
118 27.91667 43.21667
119 23.32415 42.69751
120 26.31667 41.71667
121 -98.23001 26.20341
122 -99.50754 27.50641
123 -100.38333 20.6
124 -100.31667 25.66667
125 -99.12766 19.42847
126 -103.33333 20.66667
127 -106.65114 35.08449
128 -106.48693 31.75872
129 -104.9847 39.73915
130 -104.82136 38.83388
131 13.73832 51.05089
132 7.6 47.56667
133 7.75 48.58333
134 9.18951 45.46427
135 8.55 47.36667
136 15.97798 45.81444
137 8.93386 44.40632
138 12.32667 45.43861
139 14.50513 46.05108
140 11.25 43.76667
141 11.33875 44.49381
142 13.41053 52.52437
143 10.0 53.55
145 -73.76291 41.03399
146 -76.61219 39.29038
151 -74.17237 40.73566
152 -75.16379 39.95234
153 -76.88442 40.2737
154 -77.03637 38.89511
155 -71.05977 42.35843
156 -71.41283 41.82399
157 -73.53873 41.05343
158 -74.00597 40.71427
159 -77.3861 38.96955
160 -79.99589 40.44062
161 6.95 50.93333
162 6.77616 51.22172
163 4.88969 52.37403
164 0.11667 52.2
165 -0.12574 51.50853
166 -0.58333 51.5
167 7.01667 51.45
168 7.45 51.51667
169 7.62571 51.96236
170 4.47917 51.9225
177 -6.26719 53.34399
178 -122.33207 47.60621
179 -122.67621 45.52345
180 -115.13722 36.17497
181 -73.58781 45.50884
182 24.75353 59.43696
183 2.3488 48.85341
184 3.06667 50.63333
185 8.80777 53.07516
186 4.34878 50.85045
187 4.41667 51.21667
188 -8.61667 41.15
189 24.93545 60.16952
190 36.25 50.0
191 30.5238 50.45466
192 21.01178 52.22977
193 19.91667 50.08333
194 16.60796 49.19522
195 -2.22001 52.18935
196 -73.75623 42.65258
0 21.22722 45.74944
1 26.10626 44.43225
2 8.27111 50.0
3 8.46472 49.48833
4 9.17702 48.78232
5 11.06833 49.44778
6 11.57549 48.13743
7 16.37208 48.20849
8 17.10674 48.14816
9 19.03991 47.49801
10 -87.90647 43.0389
11 -93.26384 44.97997
12 -86.25001 41.68338
13 -87.65005 41.85003
14 -94.62746 39.11417
15 -90.19789 38.62727
16 -93.60911 41.60054
17 -95.93779 41.25861
18 -85.75941 38.25424
19 -86.78444 36.16589
20 -5.66444 43.54111
21 -3.80444 43.46472
22 -8.71667 42.23333
23 -5.56667 42.6
24 -0.87734 41.65606
25 2.15899 41.38879
26 -2.92528 43.26271
27 -2.45 42.46667
28 -4.7 40.65
29 -1.97499 43.31283
30 -86.15804 39.76838
31 -84.45689 39.162
32 -83.55521 41.66394
33 -83.04575 42.33143
34 -84.19161 39.75895
35 -82.99879 39.96118
36 -84.56134 39.3995
37 -81.69541 41.4995
38 -78.87837 42.88645
39 -80.60091 40.46423
40 10.74609 59.91273
41 18.0649 59.33258
42 12.56553 55.67594
43 13.00073 55.60587
44 -1.61396 54.97328
45 -1.54785 53.79648
46 -4.25763 55.86515
47 -3.2 55.95
48 -2.97794 53.41058
49 -2.23743 53.48095
50 -9.13333 38.71667
51 -8.41667 40.2
52 -0.48149 38.34517
53 -1.11667 37.98333
54 -3.70256 40.4165
55 -0.37739 39.46975
56 -5.98694 37.37722
57 -6.96667 38.88333
58 -3.60667 37.18817
59 -4.42034 36.72016
60 -97.74306 30.26715
61 -98.49363 29.42412
62 -90.07507 29.95465
63 -90.18481 32.29876
64 -95.99278 36.15398
65 -97.51643 35.46756
66 -97.32085 32.72541
67 -96.80667 32.78306
68 -90.04898 35.14953
69 -95.36327 29.76328
70 0.68333 47.38333
71 -1.55336 47.21725
72 -1.68333 48.08333
73 -0.35912 49.18585
74 1.09932 49.44313
75 4.03333 49.25
76 6.13 49.61167
77 8.68333 50.11667
78 -0.56667 44.83333
79 0.33333 46.58333
80 -80.19366 25.77427
81 -80.0831 26.35869
82 -84.38798 33.749
83 -80.84313 35.22709
84 -79.79198 36.07264
85 -78.63861 35.7721
86 -82.45843 27.94752
87 -81.37924 28.53834
88 -81.65565 30.33218
89 -86.80249 33.52066
90 7.26608 43.70313
91 5.71667 45.16667
92 4.85 45.75
93 5.01667 47.31667
94 1.44367 43.60426
95 3.88333 43.6
96 5.4 43.3
97 23.32415 42.69751
98 14.42076 50.08804
99 6.14569 46.20222
100 7.44744 46.94809
101 -118.24368 34.05223
102 -117.85311 33.78779
103 -122.41942 37.77493
104 -121.95524 37.35411
105 -121.4944 38.58157
106 -122.2708 37.80437
107 -111.89105 40.76078
108 -116.20345 43.6135
109 -117.15726 32.71533
110 -112.07404 33.44838
111 11.87691 43.46139
112 12.4839 41.89474
113 30.73262 46.47747
114 28.05 45.45
115 28.16667 43.41667
116 28.65 44.18333
117 27.46781 42.50606
118 27.91667 43.21667
119 23.32415 42.69751
120 26.31667 41.71667
121 -98.23001 26.20341
122 -99.50754 27.50641
123 -100.38333 20.6
124 -100.31667 25.66667
125 -99.12766 19.42847
126 -103.33333 20.66667
127 -106.65114 35.08449
128 -106.48693 31.75872
129 -104.9847 39.73915
130 -104.82136 38.83388
131 13.73832 51.05089
132 7.6 47.56667
133 7.75 48.58333
134 9.18951 45.46427
135 8.55 47.36667
136 15.97798 45.81444
137 8.93386 44.40632
138 12.32667 45.43861
139 14.50513 46.05108
140 11.25 43.76667
141 11.33875 44.49381
142 13.41053 52.52437
143 10.0 53.55
145 -73.76291 41.03399
146 -76.61219 39.29038
151 -74.17237 40.73566
152 -75.16379 39.95234
153 -76.88442 40.2737
154 -77.03637 38.89511
155 -71.05977 42.35843
156 -71.41283 41.82399
157 -73.53873 41.05343
158 -74.00597 40.71427
159 -77.3861 38.96955
160 -79.99589 40.44062
161 6.95 50.93333
162 6.77616 51.22172
163 4.88969 52.37403
164 0.11667 52.2
165 -0.12574 51.50853
166 -0.58333 51.5
167 7.01667 51.45
168 7.45 51.51667
169 7.62571 51.96236
170 4.47917 51.9225
177 -6.26719 53.34399
178 -122.33207 47.60621
179 -122.67621 45.52345
180 -115.13722 36.17497
181 -73.58781 45.50884
182 24.75353 59.43696
183 2.3488 48.85341
184 3.06667 50.63333
185 8.80777 53.07516
186 4.34878 50.85045
187 4.41667 51.21667
188 -8.61667 41.15
189 24.93545 60.16952
190 36.25 50.0
191 30.5238 50.45466
192 21.01178 52.22977
193 19.91667 50.08333
194 16.60796 49.19522
195 -2.22001 52.18935
196 -73.75623 42.65258
0 21.22722 45.74944
1 26.10626 44.43225
2 8.27111 50.0
3 8.46472 49.48833
4 9.17702 48.78232
5 11.06833 49.44778
6 11.57549 48.13743
7 16.37208 48.20849
8 17.10674 48.14816
9 19.03991 47.49801
10 -87.90647 43.0389
11 -93.26384 44.97997
12 -86.25001 41.68338
13 -87.65005 41.85003
14 -94.62746 39.11417
15 -90.19789 38.62727
16 -93.60911 41.60054
17 -95.93779 41.25861
18 -85.75941 38.25424
19 -86.78444 36.16589
20 -5.66444 43.54111
21 -3.80444 43.46472
22 -8.71667 42.23333
23 -5.56667 42.6
24 -0.87734 41.65606
25 2.15899 41.38879
26 -2.92528 43.26271
27 -2.45 42.46667
28 -4.7 40.65
29 -1.97499 43.31283
30 -86.15804 39.76838
31 -84.45689 39.162
32 -83.55521 41.66394
33 -83.04575 42.33143
34 -84.19161 39.75895
35 -82.99879 39.96118
36 -84.56134 39.3995
37 -81.69541 41.4995
38 -78.87837 42.88645
39 -80.60091 40.46423
40 10.74609 59.91273
41 18.0649 59.33258
42 12.56553 55.67594
43 13.00073 55.60587
44 -1.61396 54.97328
45 -1.54785 53.79648
46 -4.25763 55.86515
47 -3.2 55.95
48 -2.97794 53.41058
49 -2.23743 53.48095
50 -9.13333 38.71667
51 -8.41667 40.2
52 -0.48149 38.34517
53 -1.11667 37.98333
54 -3.70256 40.4165
55 -0.37739 39.46975
56 -5.98694 37.37722
57 -6.96667 38.88333
58 -3.60667 37.18817
59 -4.42034 36.72016
60 -97.74306 30.26715
61 -98.49363 29.42412
62 -90.07507 29.95465
63 -90.18481 32.29876
64 -95.99278 36.15398
65 -97.51643 35.46756
66 -97.32085 32.72541
67 -96.80667 32.78306
68 -90.04898 35.14953
69 -95.36327 29.76328
70 0.68333 47.38333
71 -1.55336 47.21725
72 -1.68333 48.08333
73 -0.35912 49.18585
74 1.09932 49.44313
75 4.03333 49.25
76 6.13 49.61167
77 8.68333 50.11667
78 -0.56667 44.83333
79 0.33333 46.58333
80 -80.19366 25.77427
81 -80.0831 26.35869
82 -84.38798 33.749
83 -80.84313 35.22709
84 -79.79198 36.07264
85 -78.63861 35.7721
86 -82.45843 27.94752
87 -81.37924 28.53834
88 -81.65565 30.33218
89 -86.80249 33.52066
90 7.26608 43.70313
91 5.71667 45.16667
92 4.85 45.75
93 5.01667 47.31667
94 1.44367 43.60426
95 3.88333 43.6
96 5.4 43.3
97 23.32415 42.69751
98 14.42076 50.08804
99 6.14569 46.20222
100 7.44744 46.94809
101 -118.24368 34.05223
102 -117.85311 33.78779
103 -122.41942 37.77493
104 -121.95524 37.35411
105 -121.4944 38.58157
106 -122.2708 37.80437
107 -111.89105 40.76078
108 -116.20345 43.6135
109 -117.15726 32.71533
110 -112.07404 33.44838
111 11.87691 43.46139
112 12.4839 41.89474
113 30.73262 46.47747
114 28.05 45.45
115 28.16667 43.41667
116 28.65 44.18333
117 27.46781 42.50606
118 27.91667 43.21667
119 23.32415 42.69751
120 26.31667 41.71667
121 -98.23001 26.20341
122 -99.50754 27.50641
123 -100.38333 20.6
124 -100.31667 25.66667
125 -99.12766 19.42847
126 -103.33333 20.66667
127 -106.65114 35.08449
128 -106.48693 31.75872
129 -104.9847 39.73915
130 -104.82136 38.83388
131 13.73832 51.05089
132 7.6 47.56667
133 7.75 48.58333
134 9.18951 45.46427
135 8.55 47.36667
136 15.97798 45.81444
137 8.93386 44.40632
138 12.32667 45.43861
139 14.50513 46.05108
140 11.25 43.76667
141 11.33875 44.49381
142 13.41053 52.52437
143 10.0 53.55
145 -73.76291 41.03399
146 -76.61219 39.29038
151 -74.17237 40.73566
152 -75.16379 39.95234
153 -76.88442 40.2737
154 -77.03637 38.89511
155 -71.05977 42.35843
156 -71.41283 41.82399
157 -73.53873 41.05343
158 -74.00597 40.71427
159 -77.3861 38.96955
160 -79.99589 40.44062
161 6.95 50.93333
162 6.77616 51.22172
163 4.88969 52.37403
164 0.11667 52.2
165 -0.12574 51.50853
166 -0.58333 51.5
167 7.01667 51.45
168 7.45 51.51667
169 7.62571 51.96236
170 4.47917 51.9225
177 -6.26719 53.34399
178 -122.33207 47.60621
179 -122.67621 45.52345
180 -115.13722 36.17497
181 -73.58781 45.50884
182 24.75353 59.43696
183 2.3488 48.85341
184 3.06667 50.63333
185 8.80777 53.07516
186 4.34878 50.85045
187 4.41667 51.21667
188 -8.61667 41.15
189 24.93545 60.16952
190 36.25 50.0
191 30.5238 50.45466
192 21.01178 52.22977
193 19.91667 50.08333
194 16.60796 49.19522
195 -2.22001 52.18935
196 -73.75623 42.65258
0 21.22722 45.74944
1 26.10626 44.43225
2 8.27111 50.0
3 8.46472 49.48833
4 9.17702 48.78232
5 11.06833 49.44778
6 11.57549 48.13743
7 16.37208 48.20849
8 17.10674 48.14816
9 19.03991 47.49801
10 -87.90647 43.0389
11 -93.26384 44.97997
12 -86.25001 41.68338
13 -87.65005 41.85003
14 -94.62746 39.11417
15 -90.19789 38.62727
16 -93.60911 41.60054
17 -95.93779 41.25861
18 -85.75941 38.25424
19 -86.78444 36.16589
20 -5.66444 43.54111
21 -3.80444 43.46472
22 -8.71667 42.23333
23 -5.56667 42.6
24 -0.87734 41.65606
25 2.15899 41.38879
26 -2.92528 43.26271
27 -2.45 42.46667
28 -4.7 40.65
29 -1.97499 43.31283
30 -86.15804 39.76838
31 -84.45689 39.162
32 -83.55521 41.66394
33 -83.04575 42.33143
34 -84.19161 39.75895
35 -82.99879 39.96118
36 -84.56134 39.3995
37 -81.69541 41.4995
38 -78.87837 42.88645
39 -80.60091 40.46423
40 10.74609 59.91273
41 18.0649 59.33258
42 12.56553 55.67594
43 13.00073 55.60587
44 -1.61396 54.97328
45 -1.54785 53.79648
46 -4.25763 55.86515
47 -3.2 55.95
48 -2.97794 53.41058
49 -2.23743 53.48095
50 -9.13333 38.71667
51 -8.41667 40.2
52 -0.48149 38.34517
53 -1.11667 37.98333
54 -3.70256 40.4165
55 -0.37739 39.46975
56 -5.98694 37.37722
57 -6.96667 38.88333
58 -3.60667 37.18817
59 -4.42034 36.72016
60 -97.74306 30.26715
61 -98.49363 29.42412
62 -90.07507 29.95465
63 -90.18481 32.29876
64 -95.99278 36.15398
65 -97.51643 35.46756
66 -97.32085 32.72541
67 -96.80667 32.78306
68 -90.04898 35.14953
69 -95.36327 29.76328
70 0.68333 47.38333
71 -1.55336 47.21725
72 -1.68333 48.08333
73 -0.35912 49.18585
74 1.09932 49.44313
75 4.03333 49.25
76 6.13 49.61167
77 8.68333 50.11667
78 -0.56667 44.83333
79 0.33333 46.58333
80 -80.19366 25.77427
81 -80.0831 26.35869
82 -84.38798 33.749
83 -80.84313 35.22709
84 -79.79198 36.07264
85 -78.63861 35.7721
86 -82.45843 27.94752
87 -81.37924 28.53834
88 -81.65565 30.33218
89 -86.80249 33.52066
90 7.26608 43.70313
91 5.71667 45.16667
92 4.85 45.75
93 5.01667 47.31667
94 1.44367 43.60426
95 3.88333 43.6
96 5.4 43.3
97 23.32415 42.69751
98 14.42076 50.08804
99 6.14569 46.20222
100 7.44744 46.94809
101 -118.24368 34.05223
102 -117.85311 33.78779
103 -122.41942 37.77493
104 -121.95524 37.35411
105 -121.4944 38.58157
106 -122.2708 37.80437
107 -111.89105 40.76078
108 -116.20345 43.6135
109 -117.15726 32.71533
110 -112.07404 33.44838
111 11.87691 43.46139
112 12.4839 41.89474
113 30.73262 46.47747
114 28.05 45.45
115 28.16667 43.41667
116 28.65 44.18333
117 27.46781 42.50606
118 27.91667 43.21667
119 23.32415 42.69751
120 26.31667 41.71667
121 -98.23001 26.20341
122 -99.50754 27.50641
123 -100.38333 20.6
124 -100.31667 25.66667
125 -99.12766 19.42847
126 -103.33333 20.66667
127 -106.65114 35.08449
128 -106.48693 31.75872
129 -104.9847 39.73915
130 -104.82136 38.83388
131 13.73832 51.05089
132 7.6 47.56667
133 7.75 48.58333
134 9.18951 45.46427
135 8.55 47.36667
136 15.97798 45.81444
137 8.93386 44.40632
138 12.32667 45.43861
139 14.50513 46.05108
140 11.25 43.76667
141 11.33875 44.49381
142 13.41053 52.52437
143 10.0 53.55
145 -73.76291 41.03399
146 -76.61219 39.29038
151 -74.17237 40.73566
152 -75.16379 39.95234
153 -76.88442 40.2737
154 -77.03637 38.89511
155 -71.05977 42.35843
156 -71.41283 41.82399
157 -73.53873 41.05343
158 -74.00597 40.71427
159 -77.3861 38.96955
160 -79.99589 40.44062
161 6.95 50.93333
162 6.77616 51.22172
163 4.88969 52.37403
164 0.11667 52.2
165 -0.12574 51.50853
166 -0.58333 51.5
167 7.01667 51.45
168 7.45 51.51667
169 7.62571 51.96236
170 4.47917 51.9225
177 -6.26719 53.34399
178 -122.33207 47.60621
179 -122.67621 45.52345
180 -115.13722 36.17497
181 -73.58781 45.50884
182 24.75353 59.43696
183 2.3488 48.85341
184 3.06667 50.63333
185 8.80777 53.07516
186 4.34878 50.85045
187 4.41667 51.21667
188 -8.61667 41.15
189 24.93545 60.16952
190 36.25 50.0
191 30.5238 50.45466
192 21.01178 52.22977
193 19.91667 50.08333
194 16.60796 49.19522
195 -2.22001 52.18935
196 -73.75623 42.65258
0 21.22722 45.74944
1 26.10626 44.43225
2 8.27111 50.0
3 8.46472 49.48833
4 9.17702 48.78232
5 11.06833 49.44778
6 11.57549 48.13743
7 16.37208 48.20849
8 17.10674 48.14816
9 19.03991 47.49801
10 -87.90647 43.0389
11 -93.26384 44.97997
12 -86.25001 41.68338
13 -87.65005 41.85003
14 -94.62746 39.11417
15 -90.19789 38.62727
16 -93.60911 41.60054
17 -95.93779 41.25861
18 -85.75941 38.25424
19 -86.78444 36.16589
20 -5.66444 43.54111
21 -3.80444 43.46472
22 -8.71667 42.23333
23 -5.56667 42.6
24 -0.87734 41.65606
25 2.15899 41.38879
26 -2.92528 43.26271
27 -2.45 42.46667
28 -4.7 40.65
29 -1.97499 43.31283
30 -86.15804 39.76838
31 -84.45689 39.162
32 -83.55521 41.66394
33 -83.04575 42.33143
34 -84.19161 39.75895
35 -82.99879 39.96118
36 -84.56134 39.3995
37 -81.69541 41.4995
38 -78.87837 42.88645
39 -80.60091 40.46423
40 10.74609 59.91273
41 18.0649 59.33258
42 12.56553 55.67594
43 13.00073 55.60587
44 -1.61396 54.97328
45 -1.54785 53.79648
46 -4.25763 55.86515
47 -3.2 55.95
48 -2.97794 53.41058
49 -2.23743 53.48095
50 -9.13333 38.71667
51 -8.41667 40.2
52 -0.48149 38.34517
53 -1.11667 37.98333
54 -3.70256 40.4165
55 -0.37739 39.46975
56 -5.98694 37.37722
57 -6.96667 38.88333
58 -3.60667 37.18817
59 -4.42034 36.72016
60 -97.74306 30.26715
61 -98.49363 29.42412
62 -90.07507 29.95465
63 -90.18481 32.29876
64 -95.99278 36.15398
65 -97.51643 35.46756
66 -97.32085 32.72541
67 -96.80667 32.78306
68 -90.04898 35.14953
69 -95.36327 29.76328
70 0.68333 47.38333
71 -1.55336 47.21725
72 -1.68333 48.08333
73 -0.35912 49.18585
74 1.09932 49.44313
75 4.03333 49.25
76 6.13 49.61167
77 8.68333 50.11667
78 -0.56667 44.83333
79 0.33333 46.58333
80 -80.19366 25.77427
81 -80.0831 26.35869
82 -84.38798 33.749
83 -80.84313 35.22709
84 -79.79198 36.07264
85 -78.63861 35.7721
86 -82.45843 27.94752
87 -81.37924 28.53834
88 -81.65565 30.33218
89 -86.80249 33.52066
90 7.26608 43.70313
91 5.71667 45.16667
92 4.85 45.75
93 5.01667 47.31667
94 1.44367 43.60426
95 3.88333 43.6
96 5.4 43.3
97 23.32415 42.69751
98 14.42076 50.08804
99 6.14569 46.20222
100 7.44744 46.94809
101 -118.24368 34.05223
102 -117.85311 33.78779
103 -122.41942 37.77493
104 -121.95524 37.35411
105 -121.4944 38.58157
106 -122.2708 37.80437
107 -111.89105 40.76078
108 -116.20345 43.6135
109 -117.15726 32.71533
110 -112.07404 33.44838
111 11.87691 43.46139
112 12.4839 41.89474
113 30.73262 46.47747
114 28.05 45.45
115 28.16667 43.41667
116 28.65 44.18333
117 27.46781 42.50606
118 27.91667 43.21667
119 23.32415 42.69751
120 26.31667 41.71667
121 -98.23001 26.20341
122 -99.50754 27.50641
123 -100.38333 20.6
124 -100.31667 25.66667
125 -99.12766 19.42847
126 -103.33333 20.66667
127 -106.65114 35.08449
128 -106.48693 31.75872
129 -104.9847 39.73915
130 -104.82136 38.83388
131 13.73832 51.05089
132 7.6 47.56667
133 7.75 48.58333
134 9.18951 45.46427
135 8.55 47.36667
136 15.97798 45.81444
137 8.93386 44.40632
138 12.32667 45.43861
139 14.50513 46.05108
140 11.25 43.76667
141 11.33875 44.49381
142 13.41053 52.52437
143 10.0 53.55
145 -73.76291 41.03399
146 -76.61219 39.29038
151 -74.17237 40.73566
152 -75.16379 39.95234
153 -76.88442 40.2737
154 -77.03637 38.89511
155 -71.05977 42.35843
156 -71.41283 41.82399
157 -73.53873 41.05343
158 -74.00597 40.71427
159 -77.3861 38.96955
160 -79.99589 40.44062
161 6.95 50.93333
162 6.77616 51.22172
163 4.88969 52.37403
164 0.11667 52.2
165 -0.12574 51.50853
166 -0.58333 51.5
167 7.01667 51.45
168 7.45 51.51667
169 7.62571 51.96236
170 4.47917 51.9225
177 -6.26719 53.34399
178 -122.33207 47.60621
179 -122.67621 45.52345
180 -115.13722 36.17497
181 -73.58781 45.50884
182 24.75353 59.43696
183 2.3488 48.85341
184 3.06667 50.63333
185 8.80777 53.07516
186 4.34878 50.85045
187 4.41667 51.21667
188 -8.61667 41.15
189 24.93545 60.16952
190 36.25 50.0
191 30.5238 50.45466
192 21.01178 52.22977
193 19.91667 50.08333
194 16.60796 49.19522
195 -2.22001 52.18935
196 -73.75623 42.65258
0 21.22722 45.74944
1 26.10626 44.43225
2 8.27111 50.0
3 8.46472 49.48833
4 9.17702 48.78232
5 11.06833 49.44778
6 11.57549 48.13743
7 16.37208 48.20849
8 17.10674 48.14816
9 19.03991 47.49801
10 -87.90647 43.0389
11 -93.26384 44.97997
12 -86.25001 41.68338
13 -87.65005 41.85003
14 -94.62746 39.11417
15 -90.19789 38.62727
16 -93.60911 41.60054
17 -95.93779 41.25861
18 -85.75941 38.25424
19 -86.78444 36.16589
20 -5.66444 43.54111
21 -3.80444 43.46472
22 -8.71667 42.23333
23 -5.56667 42.6
24 -0.87734 41.65606
25 2.15899 41.38879
26 -2.92528 43.26271
27 -2.45 42.46667
28 -4.7 40.65
29 -1.97499 43.31283
30 -86.15804 39.76838
31 -84.45689 39.162
32 -83.55521 41.66394
33 -83.04575 42.33143
34 -84.19161 39.75895
35 -82.99879 39.96118
36 -84.56134 39.3995
37 -81.69541 41.4995
38 -78.87837 42.88645
39 -80.60091 40.46423
40 10.74609 59.91273
41 18.0649 59.33258
42 12.56553 55.67594
43 13.00073 55.60587
44 -1.61396 54.97328
45 -1.54785 53.79648
46 -4.25763 55.86515
47 -3.2 55.95
48 -2.97794 53.41058
49 -2.23743 53.48095
50 -9.13333 38.71667
51 -8.41667 40.2
52 -0.48149 38.34517
53 -1.11667 37.98333
54 -3.70256 40.4165
55 -0.37739 39.46975
56 -5.98694 37.37722
57 -6.96667 38.88333
58 -3.60667 37.18817
59 -4.42034 36.72016
60 -97.74306 30.26715
61 -98.49363 29.42412
62 -90.07507 29.95465
63 -90.18481 32.29876
64 -95.99278 36.15398
65 -97.51643 35.46756
66 -97.32085 32.72541
67 -96.80667 32.78306
68 -90.04898 35.14953
69 -95.36327 29.76328
70 0.68333 47.38333
71 -1.55336 47.21725
72 -1.68333 48.08333
73 -0.35912 49.18585
74 1.09932 49.44313
75 4.03333 49.25
76 6.13 49.61167
77 8.68333 50.11667
78 -0.56667 44.83333
79 0.33333 46.58333
80 -80.19366 25.77427
81 -80.0831 26.35869
82 -84.38798 33.749
83 -80.84313 35.22709
84 -79.79198 36.07264
85 -78.63861 35.7721
86 -82.45843 27.94752
87 -81.37924 28.53834
88 -81.65565 30.33218
89 -86.80249 33.52066
90 7.26608 43.70313
91 5.71667 45.16667
92 4.85 45.75
93 5.01667 47.31667
94 1.44367 43.60426
95 3.88333 43.6
96 5.4 43.3
97 23.32415 42.69751
98 14.42076 50.08804
99 6.14569 46.20222
100 7.44744 46.94809
101 -118.24368 34.05223
102 -117.85311 33.78779
103 -122.41942 37.77493
104 -121.95524 37.35411
105 -121.4944 38.58157
106 -122.2708 37.80437
107 -111.89105 40.76078
108 -116.20345 43.6135
109 -117.15726 32.71533
110 -112.07404 33.44838
111 11.87691 43.46139
112 12.4839 41.89474
113 30.73262 46.47747
114 28.05 45.45
115 28.16667 43.41667
116 28.65 44.18333
117 27.46781 42.50606
118 27.91667 43.21667
119 23.32415 42.69751
120 26.31667 41.71667
121 -98.23001 26.20341
122 -99.50754 27.50641
123 -100.38333 20.6
124 -100.31667 25.66667
125 -99.12766 19.42847
126 -103.33333 20.66667
127 -106.65114 35.08449
128 -106.48693 31.75872
129 -104.9847 39.73915
130 -104.82136 38.83388
131 13.73832 51.05089
132 7.6 47.56667
133 7.75 48.58333
134 9.18951 45.46427
135 8.55 47.36667
136 15.97798 45.81444
137 8.93386 44.40632
138 12.32667 45.43861
139 14.50513 46.05108
140 11.25 43.76667
141 11.33875 44.49381
142 13.41053 52.52437
143 10.0 53.55
145 -73.76291 41.03399
146 -76.61219 39.29038
151 -74.17237 40.73566
152 -75.16379 39.95234
153 -76.88442 40.2737
154 -77.03637 38.89511
155 -71.05977 42.35843
156 -71.41283 41.82399
157 -73.53873 41.05343
158 -74.00597 40.71427
159 -77.3861 38.96955
160 -79.99589 40.44062
161 6.95 50.93333
162 6.77616 51.22172
163 4.88969 52.37403
164 0.11667 52.2
165 -0.12574 51.50853
166 -0.58333 51.5
167 7.01667 51.45
168 7.45 51.51667
169 7.62571 51.96236
170 4.47917 51.9225
177 -6.26719 53.34399
178 -122.33207 47.60621
179 -122.67621 45.52345
180 -115.13722 36.17497
181 -73.58781 45.50884
182 24.75353 59.43696
183 2.3488 48.85341
184 3.06667 50.63333
185 8.80777 53.07516
186 4.34878 50.85045
187 4.41667 51.21667
188 -8.61667 41.15
189 24.93545 60.16952
190 36.25 50.0
191 30.5238 50.45466
192 21.01178 52.22977
193 19.91667 50.08333
194 16.60796 49.19522
195 -2.22001 52.18935
196 -73.75623 42.65258
0 21.22722 45.74944
1 26.10626 44.43225
2 8.27111 50.0
3 8.46472 49.48833
4 9.17702 48.78232
5 11.06833 49.44778
6 11.57549 48.13743
7 16.37208 48.20849
8 17.10674 48.14816
9 19.03991 47.49801
10 -87.90647 43.0389
11 -93.26384 44.97997
12 -86.25001 41.68338
13 -87.65005 41.85003
14 -94.62746 39.11417
15 -90.19789 38.62727
16 -93.60911 41.60054
17 -95.93779 41.25861
18 -85.75941 38.25424
19 -86.78444 36.16589
20 -5.66444 43.54111
21 -3.80444 43.46472
22 -8.71667 42.23333
23 -5.56667 42.6
24 -0.87734 41.65606
25 2.15899 41.38879
26 -2.92528 43.26271
27 -2.45 42.46667
28 -4.7 40.65
29 -1.97499 43.31283
30 -86.15804 39.76838
31 -84.45689 39.162
32 -83.55521 41.66394
33 -83.04575 42.33143
34 -84.19161 39.75895
35 -82.99879 39.96118
36 -84.56134 39.3995
37 -81.69541 41.4995
38 -78.87837 42.88645
39 -80.60091 40.46423
40 10.74609 59.91273
41 18.0649 59.33258
42 12.56553 55.67594
43 13.00073 55.60587
44 -1.61396 54.97328
45 -1.54785 53.79648
46 -4.25763 55.86515
47 -3.2 55.95
48 -2.97794 53.41058
49 -2.23743 53.48095
50 -9.13333 38.71667
51 -8.41667 40.2
52 -0.48149 38.34517
53 -1.11667 37.98333
54 -3.70256 40.4165
55 -0.37739 39.46975
56 -5.98694 37.37722
57 -6.96667 38.88333
58 -3.60667 37.18817
59 -4.42034 36.72016
60 -97.74306 30.26715
61 -98.49363 29.42412
62 -90.07507 29.95465
63 -90.18481 32.29876
64 -95.99278 36.15398
65 -97.51643 35.46756
66 -97.32085 32.72541
67 -96.80667 32.78306
68 -90.04898 35.14953
69 -95.36327 29.76328
70 0.68333 47.38333
71 -1.55336 47.21725
72 -1.68333 48.08333
73 -0.35912 49.18585
74 1.09932 49.44313
75 4.03333 49.25
76 6.13 49.61167
77 8.68333 50.11667
78 -0.56667 44.83333
79 0.33333 46.58333
80 -80.19366 25.77427
81 -80.0831 26.35869
82 -84.38798 33.749
83 -80.84313 35.22709
84 -79.79198 36.07264
85 -78.63861 35.7721
86 -82.45843 27.94752
87 -81.37924 28.53834
88 -81.65565 30.33218
89 -86.80249 33.52066
90 7.26608 43.70313
91 5.71667 45.16667
92 4.85 45.75
93 5.01667 47.31667
94 1.44367 43.60426
95 3.88333 43.6
96 5.4 43.3
97 23.32415 42.69751
98 14.42076 50.08804
99 6.14569 46.20222
100 7.44744 46.94809
101 -118.24368 34.05223
102 -117.85311 33.78779
103 -122.41942 37.77493
104 -121.95524 37.35411
105 -121.4944 38.58157
106 -122.2708 37.80437
107 -111.89105 40.76078
108 -116.20345 43.6135
109 -117.15726 32.71533
110 -112.07404 33.44838
111 11.87691 43.46139
112 12.4839 41.89474
113 30.73262 46.47747
114 28.05 45.45
115 28.16667 43.41667
116 28.65 44.18333
117 27.46781 42.50606
118 27.91667 43.21667
119 23.32415 42.69751
120 26.31667 41.71667
121 -98.23001 26.20341
122 -99.50754 27.50641
123 -100.38333 20.6
124 -100.31667 25.66667
125 -99.12766 19.42847
126 -103.33333 20.66667
127 -106.65114 35.08449
128 -106.48693 31.75872
129 -104.9847 39.73915
130 -104.82136 38.83388
131 13.73832 51.05089
132 7.6 47.56667
133 7.75 48.58333
134 9.18951 45.46427
135 8.55 47.36667
136 15.97798 45.81444
137 8.93386 44.40632
138 12.32667 45.43861
139 14.50513 46.05108
140 11.25 43.76667
141 11.33875 44.49381
142 13.41053 52.52437
143 10.0 53.55
145 -73.76291 41.03399
146 -76.61219 39.29038
151 -74.17237 40.73566
152 -75.16379 39.95234
153 -76.88442 40.2737
154 -77.03637 38.89511
155 -71.05977 42.35843
156 -71.41283 41.82399
157 -73.53873 41.05343
158 -74.00597 40.71427
159 -77.3861 38.96955
160 -79.99589 40.44062
161 6.95 50.93333
162 6.77616 51.22172
163 4.88969 52.37403
164 0.11667 52.2
165 -0.12574 51.50853
166 -0.58333 51.5
167 7.01667 51.45
168 7.45 51.51667
169 7.62571 51.96236
170 4.47917 51.9225
177 -6.26719 53.34399
178 -122.33207 47.60621
179 -122.67621 45.52345
180 -115.13722 36.17497
181 -73.58781 45.50884
182 24.75353 59.43696
183 2.3488 48.85341
184 3.06667 50.63333
185 8.80777 53.07516
186 4.34878 50.85045
187 4.41667 51.21667
188 -8.61667 41.15
189 24.93545 60.16952
190 36.25 50.0
191 30.5238 50.45466
192 21.01178 52.22977
193 19.91667 50.08333
194 16.60796 49.19522
195 -2.22001 52.18935
196 -73.75623 42.65258
0 21.22722 45.74944
1 26.10626 44.43225
2 8.27111 50.0
3 8.46472 49.48833
4 9.17702 48.78232
5 11.06833 49.44778
6 11.57549 48.13743
7 16.37208 48.20849
8 17.10674 48.14816
9 19.03991 47.49801
10 -87.90647 43.0389
11 -93.26384 44.97997
12 -86.25001 41.68338
13 -87.65005 41.85003
14 -94.62746 39.11417
15 -90.19789 38.62727
16 -93.60911 41.60054
17 -95.93779 41.25861
18 -85.75941 38.25424
19 -86.78444 36.16589
20 -5.66444 43.54111
21 -3.80444 43.46472
22 -8.71667 42.23333
23 -5.56667 42.6
24 -0.87734 41.65606
25 2.15899 41.38879
26 -2.92528 43.26271
27 -2.45 42.46667
28 -4.7 40.65
29 -1.97499 43.31283
30 -86.15804 39.76838
31 -84.45689 39.162
32 -83.55521 41.66394
33 -83.04575 42.33143
34 -84.19161 39.75895
35 -82.99879 39.96118
36 -84.56134 39.3995
37 -81.69541 41.4995
38 -78.87837 42.88645
39 -80.60091 40.46423
40 10.74609 59.91273
41 18.0649 59.33258
42 12.56553 55.67594
43 13.00073 55.60587
44 -1.61396 54.97328
45 -1.54785 53.79648
46 -4.25763 55.86515
47 -3.2 55.95
48 -2.97794 53.41058
49 -2.23743 53.48095
50 -9.13333 38.71667
51 -8.41667 40.2
52 -0.48149 38.34517
53 -1.11667 37.98333
54 -3.70256 40.4165
55 -0.37739 39.46975
56 -5.98694 37.37722
57 -6.96667 38.88333
58 -3.60667 37.18817
59 -4.42034 36.72016
60 -97.74306 30.26715
61 -98.49363 29.42412
62 -90.07507 29.95465
63 -90.18481 32.29876
64 -95.99278 36.15398
65 -97.51643 35.46756
66 -97.32085 32.72541
67 -96.80667 32.78306
68 -90.04898 35.14953
69 -95.36327 29.76328
70 0.68333 47.38333
71 -1.55336 47.21725
72 -1.68333 48.08333
73 -0.35912 49.18585
74 1.09932 49.44313
75 4.03333 49.25
76 6.13 49.61167
77 8.68333 50.11667
78 -0.56667 44.83333
79 0.33333 46.58333
80 -80.19366 25.77427
81 -80.0831 26.35869
82 -84.38798 33.749
83 -80.84313 35.22709
84 -79.79198 36.07264
85 -78.63861 35.7721
86 -82.45843 27.94752
87 -81.37924 28.53834
88 -81.65565 30.33218
89 -86.80249 33.52066
90 7.26608 43.70313
91 5.71667 45.16667
92 4.85 45.75
93 5.01667 47.31667
94 1.44367 43.60426
95 3.88333 43.6
96 5.4 43.3
97 23.32415 42.69751
98 14.42076 50.08804
99 6.14569 46.20222
100 7.44744 46.94809
101 -118.24368 34.05223
102 -117.85311 33.78779
103 -122.41942 37.77493
104 -121.95524 37.35411
105 -121.4944 38.58157
106 -122.2708 37.80437
107 -111.89105 40.76078
108 -116.20345 43.6135
109 -117.15726 32.71533
110 -112.07404 33.44838
111 11.87691 43.46139
112 12.4839 41.89474
113 30.73262 46.47747
114 28.05 45.45
115 28.16667 43.41667
116 28.65 44.18333
117 27.46781 42.50606
118 27.91667 43.21667
119 23.32415 42.69751
120 26.31667 41.71667
121 -98.23001 26.20341
122 -99.50754 27.50641
123 -100.38333 20.6
124 -100.31667 25.66667
125 -99.12766 19.42847
126 -103.33333 20.66667
127 -106.65114 35.08449
128 -106.48693 31.75872
129 -104.9847 39.73915
130 -104.82136 38.83388
131 13.73832 51.05089
132 7.6 47.56667
133 7.75 48.58333
134 9.18951 45.46427
135 8.55 47.36667
136 15.97798 45.81444
137 8.93386 44.40632
138 12.32667 45.43861
139 14.50513 46.05108
140 11.25 43.76667
141 11.33875 44.49381
142 13.41053 52.52437
143 10.0 53.55
145 -73.76291 41.03399
146 -76.61219 39.29038
151 -74.17237 40.73566
152 -75.16379 39.95234
153 -76.88442 40.2737
154 -77.03637 38.89511
155 -71.05977 42.35843
156 -71.41283 41.82399
157 -73.53873 41.05343
158 -74.00597 40.71427
159 -77.3861 38.96955
160 -79.99589 40.44062
161 6.95 50.93333
162 6.77616 51.22172
163 4.88969 52.37403
164 0.11667 52.2
165 -0.12574 51.50853
166 -0.58333 51.5
167 7.01667 51.45
168 7.45 51.51667
169 7.62571 51.96236
170 4.47917 51.9225
177 -6.26719 53.34399
178 -122.33207 47.60621
179 -122.67621 45.52345
180 -115.13722 36.17497
181 -73.58781 45.50884
182 24.75353 59.43696
183 2.3488 48.85341
184 3.06667 50.63333
185 8.80777 53.07516
186 4.34878 50.85045
187 4.41667 51.21667
188 -8.61667 41.15
189 24.93545 60.16952
190 36.25 50.0
191 30.5238 50.45466
192 21.01178 52.22977
193 19.91667 50.08333
194 16.60796 49.19522
195 -2.22001 52.18935
196 -73.75623 42.65258
0 21.22722 45.74944
1 26.10626 44.43225
2 8.27111 50.0
3 8.46472 49.48833
4 9.17702 48.78232
5 11.06833 49.44778
6 11.57549 48.13743
7 16.37208 48.20849
8 17.10674 48.14816
9 19.03991 47.49801
10 -87.90647 43.0389
11 -93.26384 44.97997
12 -86.25001 41.68338
13 -87.65005 41.85003
14 -94.62746 39.11417
15 -90.19789 38.62727
16 -93.60911 41.60054
17 -95.93779 41.25861
18 -85.75941 38.25424
19 -86.78444 36.16589
20 -5.66444 43.54111
21 -3.80444 43.46472
22 -8.71667 42.23333
23 -5.56667 42.6
24 -0.87734 41.65606
25 2.15899 41.38879
26 -2.92528 43.26271
27 -2.45 42.46667
28 -4.7 40.65
29 -1.97499 43.31283
30 -86.15804 39.76838
31 -84.45689 39.162
32 -83.55521 41.66394
33 -83.04575 42.33143
34 -84.19161 39.75895
35 -82.99879 39.96118
36 -84.56134 39.3995
37 -81.69541 41.4995
38 -78.87837 42.88645
39 -80.60091 40.46423
40 10.74609 59.91273
41 18.0649 59.33258
42 12.56553 55.67594
43 13.00073 55.60587
44 -1.61396 54.97328
45 -1.54785 53.79648
46 -4.25763 55.86515
47 -3.2 55.95
48 -2.97794 53.41058
49 -2.23743 53.48095
50 -9.13333 38.71667
51 -8.41667 40.2
52 -0.48149 38.34517
53 -1.11667 37.98333
54 -3.70256 40.4165
55 -0.37739 39.46975
56 -5.98694 37.37722
57 -6.96667 38.88333
58 -3.60667 37.18817
59 -4.42034 36.72016
60 -97.74306 30.26715
61 -98.49363 29.42412
62 -90.07507 29.95465
63 -90.18481 32.29876
64 -95.99278 36.15398
65 -97.51643 35.46756
66 -97.32085 32.72541
67 -96.80667 32.78306
68 -90.04898 35.14953
69 -95.36327 29.76328
70 0.68333 47.38333
71 -1.55336 47.21725
72 -1.68333 48.08333
73 -0.35912 49.18585
74 1.09932 49.44313
75 4.03333 49.25
76 6.13 49.61167
77 8.68333 50.11667
78 -0.56667 44.83333
79 0.33333 46.58333
80 -80.19366 25.77427
81 -80.0831 26.35869
82 -84.38798 33.749
83 -80.84313 35.22709
84 -79.79198 36.07264
85 -78.63861 35.7721
86 -82.45843 27.94752
87 -81.37924 28.53834
88 -81.65565 30.33218
89 -86.80249 33.52066
90 7.26608 43.70313
91 5.71667 45.16667
92 4.85 45.75
93 5.01667 47.31667
94 1.44367 43.60426
95 3.88333 43.6
96 5.4 43.3
97 23.32415 42.69751
98 14.42076 50.08804
99 6.14569 46.20222
100 7.44744 46.94809
101 -118.24368 34.05223
102 -117.85311 33.78779
103 -122.41942 37.77493
104 -121.95524 37.35411
105 -121.4944 38.58157
106 -122.2708 37.80437
107 -111.89105 40.76078
108 -116.20345 43.6135
109 -117.15726 32.71533
110 -112.07404 33.44838
111 11.87691 43.46139
112 12.4839 41.89474
113 30.73262 46.47747
114 28.05 45.45
115 28.16667 43.41667
116 28.65 44.18333
117 27.46781 42.50606
118 27.91667 43.21667
119 23.32415 42.69751
120 26.31667 41.71667
121 -98.23001 26.20341
122 -99.50754 27.50641
123 -100.38333 20.6
124 -100.31667 25.66667
125 -99.12766 19.42847
126 -103.33333 20.66667
127 -106.65114 35.08449
128 -106.48693 31.75872
129 -104.9847 39.73915
130 -104.82136 38.83388
131 13.73832 51.05089
132 7.6 47.56667
133 7.75 48.58333
134 9.18951 45.46427
135 8.55 47.36667
136 15.97798 45.81444
137 8.93386 44.40632
138 12.32667 45.43861
139 14.50513 46.05108
140 11.25 43.76667
141 11.33875 44.49381
142 13.41053 52.52437
143 10.0 53.55
145 -73.76291 41.03399
146 -76.61219 39.29038
151 -74.17237 40.73566
152 -75.16379 39.95234
153 -76.88442 40.2737
154 -77.03637 38.89511
155 -71.05977 42.35843
156 -71.41283 41.82399
157 -73.53873 41.05343
158 -74.00597 40.71427
159 -77.3861 38.96955
160 -79.99589 40.44062
161 6.95 50.93333
162 6.77616 51.22172
163 4.88969 52.37403
164 0.11667 52.2
165 -0.12574 51.50853
166 -0.58333 51.5
167 7.01667 51.45
168 7.45 51.51667
169 7.62571 51.96236
170 4.47917 51.9225
177 -6.26719 53.34399
178 -122.33207 47.60621
179 -122.67621 45.52345
180 -115.13722 36.17497
181 -73.58781 45.50884
182 24.75353 59.43696
183 2.3488 48.85341
184 3.06667 50.63333
185 8.80777 53.07516
186 4.34878 50.85045
187 4.41667 51.21667
188 -8.61667 41.15
189 24.93545 60.16952
190 36.25 50.0
191 30.5238 50.45466
192 21.01178 52.22977
193 19.91667 50.08333
194 16.60796 49.19522
195 -2.22001 52.18935
196 -73.75623 42.65258
0 21.22722 45.74944
1 26.10626 44.43225
2 8.27111 50.0
3 8.46472 49.48833
4 9.17702 48.78232
5 11.06833 49.44778
6 11.57549 48.13743
7 16.37208 48.20849
8 17.10674 48.14816
9 19.03991 47.49801
10 -87.90647 43.0389
11 -93.26384 44.97997
12 -86.25001 41.68338
13 -87.65005 41.85003
14 -94.62746 39.11417
15 -90.19789 38.62727
16 -93.60911 41.60054
17 -95.93779 41.25861
18 -85.75941 38.25424
19 -86.78444 36.16589
20 -5.66444 43.54111
21 -3.80444 43.46472
22 -8.71667 42.23333
23 -5.56667 42.6
24 -0.87734 41.65606
25 2.15899 41.38879
26 -2.92528 43.26271
27 -2.45 42.46667
28 -4.7 40.65
29 -1.97499 43.31283
30 -86.15804 39.76838
31 -84.45689 39.162
32 -83.55521 41.66394
33 -83.04575 42.33143
34 -84.19161 39.75895
35 -82.99879 39.96118
36 -84.56134 39.3995
37 -81.69541 41.4995
38 -78.87837 42.88645
39 -80.60091 40.46423
40 10.74609 59.91273
41 18.0649 59.33258
42 12.56553 55.67594
43 13.00073 55.60587
44 -1.61396 54.97328
45 -1.54785 53.79648
46 -4.25763 55.86515
47 -3.2 55.95
48 -2.97794 53.41058
49 -2.23743 53.48095
50 -9.13333 38.71667
51 -8.41667 40.2
52 -0.48149 38.34517
53 -1.11667 37.98333
54 -3.70256 40.4165
55 -0.37739 39.46975
56 -5.98694 37.37722
57 -6.96667 38.88333
58 -3.60667 37.18817
59 -4.42034 36.72016
60 -97.74306 30.26715
61 -98.49363 29.42412
62 -90.07507 29.95465
63 -90.18481 32.29876
64 -95.99278 36.15398
65 -97.51643 35.46756
66 -97.32085 32.72541
67 -96.80667 32.78306
68 -90.04898 35.14953
69 -95.36327 29.76328
70 0.68333 47.38333
71 -1.55336 47.21725
72 -1.68333 48.08333
73 -0.35912 49.18585
74 1.09932 49.44313
75 4.03333 49.25
76 6.13 49.61167
77 8.68333 50.11667
78 -0.56667 44.83333
79 0.33333 46.58333
80 -80.19366 25.77427
81 -80.0831 26.35869
82 -84.38798 33.749
83 -80.84313 35.22709
84 -79.79198 36.07264
85 -78.63861 35.7721
86 -82.45843 27.94752
87 -81.37924 28.53834
88 -81.65565 30.33218
89 -86.80249 33.52066
90 7.26608 43.70313
91 5.71667 45.16667
92 4.85 45.75
93 5.01667 47.31667
94 1.44367 43.60426
95 3.88333 43.6
96 5.4 43.3
97 23.32415 42.69751
98 14.42076 50.08804
99 6.14569 46.20222
100 7.44744 46.94809
101 -118.24368 34.05223
102 -117.85311 33.78779
103 -122.41942 37.77493
104 -121.95524 37.35411
105 -121.4944 38.58157
106 -122.2708 37.80437
107 -111.89105 40.76078
108 -116.20345 43.6135
109 -117.15726 32.71533
110 -112.07404 33.44838
111 11.87691 43.46139
112 12.4839 41.89474
113 30.73262 46.47747
114 28.05 45.45
115 28.16667 43.41667
116 28.65 44.18333
117 27.46781 42.50606
118 27.91667 43.21667
119 23.32415 42.69751
120 26.31667 41.71667
121 -98.23001 26.20341
122 -99.50754 27.50641
123 -100.38333 20.6
124 -100.31667 25.66667
125 -99.12766 19.42847
126 -103.33333 20.66667
127 -106.65114 35.08449
128 -106.48693 31.75872
129 -104.9847 39.73915
130 -104.82136 38.83388
131 13.73832 51.05089
132 7.6 47.56667
133 7.75 48.58333
134 9.18951 45.46427
135 8.55 47.36667
136 15.97798 45.81444
137 8.93386 44.40632
138 12.32667 45.43861
139 14.50513 46.05108
140 11.25 43.76667
141 11.33875 44.49381
142 13.41053 52.52437
143 10.0 53.55
145 -73.76291 41.03399
146 -76.61219 39.29038
151 -74.17237 40.73566
152 -75.16379 39.95234
153 -76.88442 40.2737
154 -77.03637 38.89511
155 -71.05977 42.35843
156 -71.41283 41.82399
157 -73.53873 41.05343
158 -74.00597 40.71427
159 -77.3861 38.96955
160 -79.99589 40.44062
161 6.95 50.93333
162 6.77616 51.22172
163 4.88969 52.37403
164 0.11667 52.2
165 -0.12574 51.50853
166 -0.58333 51.5
167 7.01667 51.45
168 7.45 51.51667
169 7.62571 51.96236
170 4.47917 51.9225
177 -6.26719 53.34399
178 -122.33207 47.60621
179 -122.67621 45.52345
180 -115.13722 36.17497
181 -73.58781 45.50884
182 24.75353 59.43696
183 2.3488 48.85341
184 3.06667 50.63333
185 8.80777 53.07516
186 4.34878 50.85045
187 4.41667 51.21667
188 -8.61667 41.15
189 24.93545 60.16952
190 36.25 50.0
191 30.5238 50.45466
192 21.01178 52.22977
193 19.91667 50.08333
194 16.60796 49.19522
195 -2.22001 52.18935
196 -73.75623 42.65258
0 21.22722 45.74944
1 26.10626 44.43225
2 8.27111 50.0
3 8.46472 49.48833
4 9.17702 48.78232
5 11.06833 49.44778
6 11.57549 48.13743
7 16.37208 48.20849
8 17.10674 48.14816
9 19.03991 47.49801
10 -87.90647 43.0389
11 -93.26384 44.97997
12 -86.25001 41.68338
13 -87.65005 41.85003
14 -94.62746 39.11417
15 -90.19789 38.62727
16 -93.60911 41.60054
17 -95.93779 41.25861
18 -85.75941 38.25424
19 -86.78444 36.16589
20 -5.66444 43.54111
21 -3.80444 43.46472
22 -8.71667 42.23333
23 -5.56667 42.6
24 -0.87734 41.65606
25 2.15899 41.38879
26 -2.92528 43.26271
27 -2.45 42.46667
28 -4.7 40.65
29 -1.97499 43.31283
30 -86.15804 39.76838
31 -84.45689 39.162
32 -83.55521 41.66394
33 -83.04575 42.33143
34 -84.19161 39.75895
35 -82.99879 39.96118
36 -84.56134 39.3995
37 -81.69541 41.4995
38 -78.87837 42.88645
39 -80.60091 40.46423
40 10.74609 59.91273
41 18.0649 59.33258
42 12.56553 55.67594
43 13.00073 55.60587
44 -1.61396 54.97328
45 -1.54785 53.79648
46 -4.25763 55.86515
47 -3.2 55.95
48 -2.97794 53.41058
49 -2.23743 53.48095
50 -9.13333 38.71667
51 -8.41667 40.2
52 -0.48149 38.34517
53 -1.11667 37.98333
54 -3.70256 40.4165
55 -0.37739 39.46975
56 -5.98694 37.37722
57 -6.96667 38.88333
58 -3.60667 37.18817
59 -4.42034 36.72016
60 -97.74306 30.26715
61 -98.49363 29.42412
62 -90.07507 29.95465
63 -90.18481 32.29876
64 -95.99278 36.15398
65 -97.51643 35.46756
66 -97.32085 32.72541
67 -96.80667 32.78306
68 -90.04898 35.14953
69 -95.36327 29.76328
70 0.68333 47.38333
71 -1.55336 47.21725
72 -1.68333 48.08333
73 -0.35912 49.18585
74 1.09932 49.44313
75 4.03333 49.25
76 6.13 49.61167
77 8.68333 50.11667
78 -0.56667 44.83333
79 0.33333 46.58333
80 -80.19366 25.77427
81 -80.0831 26.35869
82 -84.38798 33.749
83 -80.84313 35.22709
84 -79.79198 36.07264
85 -78.63861 35.7721
86 -82.45843 27.94752
87 -81.37924 28.53834
88 -81.65565 30.33218
89 -86.80249 33.52066
90 7.26608 43.70313
91 5.71667 45.16667
92 4.85 45.75
93 5.01667 47.31667
94 1.44367 43.60426
95 3.88333 43.6
96 5.4 43.3
97 23.32415 42.69751
98 14.42076 50.08804
99 6.14569 46.20222
100 7.44744 46.94809
101 -118.24368 34.05223
102 -117.85311 33.78779
103 -122.41942 37.77493
104 -121.95524 37.35411
105 -121.4944 38.58157
106 -122.2708 37.80437
107 -111.89105 40.76078
108 -116.20345 43.6135
109 -117.15726 32.71533
110 -112.07404 33.44838
111 11.87691 43.46139
112 12.4839 41.89474
113 30.73262 46.47747
114 28.05 45.45
115 28.16667 43.41667
116 28.65 44.18333
117 27.46781 42.50606
118 27.91667 43.21667
119 23.32415 42.69751
120 26.31667 41.71667
121 -98.23001 26.20341
122 -99.50754 27.50641
123 -100.38333 20.6
124 -100.31667 25.66667
125 -99.12766 19.42847
126 -103.33333 20.66667
127 -106.65114 35.08449
128 -106.48693 31.75872
129 -104.9847 39.73915
130 -104.82136 38.83388
131 13.73832 51.05089
132 7.6 47.56667
133 7.75 48.58333
134 9.18951 45.46427
135 8.55 47.36667
136 15.97798 45.81444
137 8.93386 44.40632
138 12.32667 45.43861
139 14.50513 46.05108
140 11.25 43.76667
141 11.33875 44.49381
142 13.41053 52.52437
143 10.0 53.55
145 -73.76291 41.03399
146 -76.61219 39.29038
151 -74.17237 40.73566
152 -75.16379 39.95234
153 -76.88442 40.2737
154 -77.03637 38.89511
155 -71.05977 42.35843
156 -71.41283 41.82399
157 -73.53873 41.05343
158 -74.00597 40.71427
159 -77.3861 38.96955
160 -79.99589 40.44062
161 6.95 50.93333
162 6.77616 51.22172
163 4.88969 52.37403
164 0.11667 52.2
165 -0.12574 51.50853
166 -0.58333 51.5
167 7.01667 51.45
168 7.45 51.51667
169 7.62571 51.96236
170 4.47917 51.9225
177 -6.26719 53.34399
178 -122.33207 47.60621
179 -122.67621 45.52345
180 -115.13722 36.17497
181 -73.58781 45.50884
182 24.75353 59.43696
183 2.3488 48.85341
184 3.06667 50.63333
185 8.80777 53.07516
186 4.34878 50.85045
187 4.41667 51.21667
188 -8.61667 41.15
189 24.93545 60.16952
190 36.25 50.0
191 30.5238 50.45466
192 21.01178 52.22977
193 19.91667 50.08333
194 16.60796 49.19522
195 -2.22001 52.18935
196 -73.75623 42.65258
0 21.22722 45.74944
1 26.10626 44.43225
2 8.27111 50.0
3 8.46472 49.48833
4 9.17702 48.78232
5 11.06833 49.44778
6 11.57549 48.13743
7 16.37208 48.20849
8 17.10674 48.14816
9 19.03991 47.49801
10 -87.90647 43.0389
11 -93.26384 44.97997
12 -86.25001 41.68338
13 -87.65005 41.85003
14 -94.62746 39.11417
15 -90.19789 38.62727
16 -93.60911 41.60054
17 -95.93779 41.25861
18 -85.75941 38.25424
19 -86.78444 36.16589
20 -5.66444 43.54111
21 -3.80444 43.46472
22 -8.71667 42.23333
23 -5.56667 42.6
24 -0.87734 41.65606
25 2.15899 41.38879
26 -2.92528 43.26271
27 -2.45 42.46667
28 -4.7 40.65
29 -1.97499 43.31283
30 -86.15804 39.76838
31 -84.45689 39.162
32 -83.55521 41.66394
33 -83.04575 42.33143
34 -84.19161 39.75895
35 -82.99879 39.96118
36 -84.56134 39.3995
37 -81.69541 41.4995
38 -78.87837 42.88645
39 -80.60091 40.46423
40 10.74609 59.91273
41 18.0649 59.33258
42 12.56553 55.67594
43 13.00073 55.60587
44 -1.61396 54.97328
45 -1.54785 53.79648
46 -4.25763 55.86515
47 -3.2 55.95
48 -2.97794 53.41058
49 -2.23743 53.48095
50 -9.13333 38.71667
51 -8.41667 40.2
52 -0.48149 38.34517
53 -1.11667 37.98333
54 -3.70256 40.4165
55 -0.37739 39.46975
56 -5.98694 37.37722
57 -6.96667 38.88333
58 -3.60667 37.18817
59 -4.42034 36.72016
60 -97.74306 30.26715
61 -98.49363 29.42412
62 -90.07507 29.95465
63 -90.18481 32.29876
64 -95.99278 36.15398
65 -97.51643 35.46756
66 -97.32085 32.72541
67 -96.80667 32.78306
68 -90.04898 35.14953
69 -95.36327 29.76328
70 0.68333 47.38333
71 -1.55336 47.21725
72 -1.68333 48.08333
73 -0.35912 49.18585
74 1.09932 49.44313
75 4.03333 49.25
76 6.13 49.61167
77 8.68333 50.11667
78 -0.56667 44.83333
79 0.33333 46.58333
80 -80.19366 25.77427
81 -80.0831 26.35869
82 -84.38798 33.749
83 -80.84313 35.22709
84 -79.79198 36.07264
85 -78.63861 35.7721
86 -82.45843 27.94752
87 -81.37924 28.53834
88 -81.65565 30.33218
89 -86.80249 33.52066
90 7.26608 43.70313
91 5.71667 45.16667
92 4.85 45.75
93 5.01667 47.31667
94 1.44367 43.60426
95 3.88333 43.6
96 5.4 43.3
97 23.32415 42.69751
98 14.42076 50.08804
99 6.14569 46.20222
100 7.44744 46.94809
101 -118.24368 34.05223
102 -117.85311 33.78779
103 -122.41942 37.77493
104 -121.95524 37.35411
105 -121.4944 38.58157
106 -122.2708 37.80437
107 -111.89105 40.76078
108 -116.20345 43.6135
109 -117.15726 32.71533
110 -112.07404 33.44838
111 11.87691 43.46139
112 12.4839 41.89474
113 30.73262 46.47747
114 28.05 45.45
115 28.16667 43.41667
116 28.65 44.18333
117 27.46781 42.50606
118 27.91667 43.21667
119 23.32415 42.69751
120 26.31667 41.71667
121 -98.23001 26.20341
122 -99.50754 27.50641
123 -100.38333 20.6
124 -100.31667 25.66667
125 -99.12766 19.42847
126 -103.33333 20.66667
127 -106.65114 35.08449
128 -106.48693 31.75872
129 -104.9847 39.73915
130 -104.82136 38.83388
131 13.73832 51.05089
132 7.6 47.56667
133 7.75 48.58333
134 9.18951 45.46427
135 8.55 47.36667
136 15.97798 45.81444
137 8.93386 44.40632
138 12.32667 45.43861
139 14.50513 46.05108
140 11.25 43.76667
141 11.33875 44.49381
142 13.41053 52.52437
143 10.0 53.55
145 -73.76291 41.03399
146 -76.61219 39.29038
151 -74.17237 40.73566
152 -75.16379 39.95234
153 -76.88442 40.2737
154 -77.03637 38.89511
155 -71.05977 42.35843
156 -71.41283 41.82399
157 -73.53873 41.05343
158 -74.00597 40.71427
159 -77.3861 38.96955
160 -79.99589 40.44062
161 6.95 50.93333
162 6.77616 51.22172
163 4.88969 52.37403
164 0.11667 52.2
165 -0.12574 51.50853
166 -0.58333 51.5
167 7.01667 51.45
168 7.45 51.51667
169 7.62571 51.96236
170 4.47917 51.9225
177 -6.26719 53.34399
178 -122.33207 47.60621
179 -122.67621 45.52345
180 -115.13722 36.17497
181 -73.58781 45.50884
182 24.75353 59.43696
183 2.3488 48.85341
184 3.06667 50.63333
185 8.80777 53.07516
186 4.34878 50.85045
187 4.41667 51.21667
188 -8.61667 41.15
189 24.93545 60.16952
190 36.25 50.0
191 30.5238 50.45466
192 21.01178 52.22977
193 19.91667 50.08333
194 16.60796 49.19522
195 -2.22001 52.18935
196 -73.75623 42.65258
0 21.22722 45.74944
1 26.10626 44.43225
2 8.27111 50.0
3 8.46472 49.48833
4 9.17702 48.78232
5 11.06833 49.44778
6 11.57549 48.13743
7 16.37208 48.20849
8 17.10674 48.14816
9 19.03991 47.49801
10 -87.90647 43.0389
11 -93.26384 44.97997
12 -86.25001 41.68338
13 -87.65005 41.85003
14 -94.62746 39.11417
15 -90.19789 38.62727
16 -93.60911 41.60054
17 -95.93779 41.25861
18 -85.75941 38.25424
19 -86.78444 36.16589
20 -5.66444 43.54111
21 -3.80444 43.46472
22 -8.71667 42.23333
23 -5.56667 42.6
24 -0.87734 41.65606
25 2.15899 41.38879
26 -2.92528 43.26271
27 -2.45 42.46667
28 -4.7 40.65
29 -1.97499 43.31283
30 -86.15804 39.76838
31 -84.45689 39.162
32 -83.55521 41.66394
33 -83.04575 42.33143
34 -84.19161 39.75895
35 -82.99879 39.96118
36 -84.56134 39.3995
37 -81.69541 41.4995
38 -78.87837 42.88645
39 -80.60091 40.46423
40 10.74609 59.91273
41 18.0649 59.33258
42 12.56553 55.67594
43 13.00073 55.60587
44 -1.61396 54.97328
45 -1.54785 53.79648
46 -4.25763 55.86515
47 -3.2 55.95
48 -2.97794 53.41058
49 -2.23743 53.48095
50 -9.13333 38.71667
51 -8.41667 40.2
52 -0.48149 38.34517
53 -1.11667 37.98333
54 -3.70256 40.4165
55 -0.37739 39.46975
56 -5.98694 37.37722
57 -6.96667 38.88333
58 -3.60667 37.18817
59 -4.42034 36.72016
60 -97.74306 30.26715
61 -98.49363 29.42412
62 -90.07507 29.95465
63 -90.18481 32.29876
64 -95.99278 36.15398
65 -97.51643 35.46756
66 -97.32085 32.72541
67 -96.80667 32.78306
68 -90.04898 35.14953
69 -95.36327 29.76328
70 0.68333 47.38333
71 -1.55336 47.21725
72 -1.68333 48.08333
73 -0.35912 49.18585
74 1.09932 49.44313
75 4.03333 49.25
76 6.13 49.61167
77 8.68333 50.11667
78 -0.56667 44.83333
79 0.33333 46.58333
80 -80.19366 25.77427
81 -80.0831 26.35869
82 -84.38798 33.749
83 -80.84313 35.22709
84 -79.79198 36.07264
85 -78.63861 35.7721
86 -82.45843 27.94752
87 -81.37924 28.53834
88 -81.65565 30.33218
89 -86.80249 33.52066
90 7.26608 43.70313
91 5.71667 45.16667
92 4.85 45.75
93 5.01667 47.31667
94 1.44367 43.60426
95 3.88333 43.6
96 5.4 43.3
97 23.32415 42.69751
98 14.42076 50.08804
99 6.14569 46.20222
100 7.44744 46.94809
101 -118.24368 34.05223
102 -117.85311 33.78779
103 -122.41942 37.77493
104 -121.95524 37.35411
105 -121.4944 38.58157
106 -122.2708 37.80437
107 -111.89105 40.76078
108 -116.20345 43.6135
109 -117.15726 32.71533
110 -112.07404 33.44838
111 11.87691 43.46139
112 12.4839 41.89474
113 30.73262 46.47747
114 28.05 45.45
115 28.16667 43.41667
116 28.65 44.18333
117 27.46781 42.50606
118 27.91667 43.21667
119 23.32415 42.69751
120 26.31667 41.71667
121 -98.23001 26.20341
122 -99.50754 27.50641
123 -100.38333 20.6
124 -100.31667 25.66667
125 -99.12766 19.42847
126 -103.33333 20.66667
127 -106.65114 35.08449
128 -106.48693 31.75872
129 -104.9847 39.73915
130 -104.82136 38.83388
131 13.73832 51.05089
132 7.6 47.56667
133 7.75 48.58333
134 9.18951 45.46427
135 8.55 47.36667
136 15.97798 45.81444
137 8.93386 44.40632
138 12.32667 45.43861
139 14.50513 46.05108
140 11.25 43.76667
141 11.33875 44.49381
142 13.41053 52.52437
143 10.0 53.55
145 -73.76291 41.03399
146 -76.61219 39.29038
151 -74.17237 40.73566
152 -75.16379 39.95234
153 -76.88442 40.2737
154 -77.03637 38.89511
155 -71.05977 42.35843
156 -71.41283 41.82399
157 -73.53873 41.05343
158 -74.00597 40.71427
159 -77.3861 38.96955
160 -79.99589 40.44062
161 6.95 50.93333
162 6.77616 51.22172
163 4.88969 52.37403
164 0.11667 52.2
165 -0.12574 51.50853
166 -0.58333 51.5
167 7.01667 51.45
168 7.45 51.51667
169 7.62571 51.96236
170 4.47917 51.9225
177 -6.26719 53.34399
178 -122.33207 47.60621
179 -122.67621 45.52345
180 -115.13722 36.17497
181 -73.58781 45.50884
182 24.75353 59.43696
183 2.3488 48.85341
184 3.06667 50.63333
185 8.80777 53.07516
186 4.34878 50.85045
187 4.41667 51.21667
188 -8.61667 41.15
189 24.93545 60.16952
190 36.25 50.0
191 30.5238 50.45466
192 21.01178 52.22977
193 19.91667 50.08333
194 16.60796 49.19522
195 -2.22001 52.18935
196 -73.75623 42.65258
0 21.22722 45.74944
1 26.10626 44.43225
2 8.27111 50.0
3 8.46472 49.48833
4 9.17702 48.78232
5 11.06833 49.44778
6 11.57549 48.13743
7 16.37208 48.20849
8 17.10674 48.14816
9 19.03991 47.49801
10 -87.90647 43.0389
11 -93.26384 44.97997
12 -86.25001 41.68338
13 -87.65005 41.85003
14 -94.62746 39.11417
15 -90.19789 38.62727
16 -93.60911 41.60054
17 -95.93779 41.25861
18 -85.75941 38.25424
19 -86.78444 36.16589
20 -5.66444 43.54111
21 -3.80444 43.46472
22 -8.71667 42.23333
23 -5.56667 42.6
24 -0.87734 41.65606
25 2.15899 41.38879
26 -2.92528 43.26271
27 -2.45 42.46667
28 -4.7 40.65
29 -1.97499 43.31283
30 -86.15804 39.76838
31 -84.45689 39.162
32 -83.55521 41.66394
33 -83.04575 42.33143
34 -84.19161 39.75895
35 -82.99879 39.96118
36 -84.56134 39.3995
37 -81.69541 41.4995
38 -78.87837 42.88645
39 -80.60091 40.46423
40 10.74609 59.91273
41 18.0649 59.33258
42 12.56553 55.67594
43 13.00073 55.60587
44 -1.61396 54.97328
45 -1.54785 53.79648
46 -4.25763 55.86515
47 -3.2 55.95
48 -2.97794 53.41058
49 -2.23743 53.48095
50 -9.13333 38.71667
51 -8.41667 40.2
52 -0.48149 38.34517
53 -1.11667 37.98333
54 -3.70256 40.4165
55 -0.37739 39.46975
56 -5.98694 37.37722
57 -6.96667 38.88333
58 -3.60667 37.18817
59 -4.42034 36.72016
60 -97.74306 30.26715
61 -98.49363 29.42412
62 -90.07507 29.95465
63 -90.18481 32.29876
64 -95.99278 36.15398
65 -97.51643 35.46756
66 -97.32085 32.72541
67 -96.80667 32.78306
68 -90.04898 35.14953
69 -95.36327 29.76328
70 0.68333 47.38333
71 -1.55336 47.21725
72 -1.68333 48.08333
73 -0.35912 49.18585
74 1.09932 49.44313
75 4.03333 49.25
76 6.13 49.61167
77 8.68333 50.11667
78 -0.56667 44.83333
79 0.33333 46.58333
80 -80.19366 25.77427
81 -80.0831 26.35869
82 -84.38798 33.749
83 -80.84313 35.22709
84 -79.79198 36.07264
85 -78.63861 35.7721
86 -82.45843 27.94752
87 -81.37924 28.53834
88 -81.65565 30.33218
89 -86.80249 33.52066
90 7.26608 43.70313
91 5.71667 45.16667
92 4.85 45.75
93 5.01667 47.31667
94 1.44367 43.60426
95 3.88333 43.6
96 5.4 43.3
97 23.32415 42.69751
98 14.42076 50.08804
99 6.14569 46.20222
100 7.44744 46.94809
101 -118.24368 34.05223
102 -117.85311 33.78779
103 -122.41942 37.77493
104 -121.95524 37.35411
105 -121.4944 38.58157
106 -122.2708 37.80437
107 -111.89105 40.76078
108 -116.20345 43.6135
109 -117.15726 32.71533
110 -112.07404 33.44838
111 11.87691 43.46139
112 12.4839 41.89474
113 30.73262 46.47747
114 28.05 45.45
115 28.16667 43.41667
116 28.65 44.18333
117 27.46781 42.50606
118 27.91667 43.21667
119 23.32415 42.69751
120 26.31667 41.71667
121 -98.23001 26.20341
122 -99.50754 27.50641
123 -100.38333 20.6
124 -100.31667 25.66667
125 -99.12766 19.42847
126 -103.33333 20.66667
127 -106.65114 35.08449
128 -106.48693 31.75872
129 -104.9847 39.73915
130 -104.82136 38.83388
131 13.73832 51.05089
132 7.6 47.56667
133 7.75 48.58333
134 9.18951 45.46427
135 8.55 47.36667
136 15.97798 45.81444
137 8.93386 44.40632
138 12.32667 45.43861
139 14.50513 46.05108
140 11.25 43.76667
141 11.33875 44.49381
142 13.41053 52.52437
143 10.0 53.55
145 -73.76291 41.03399
146 -76.61219 39.29038
151 -74.17237 40.73566
152 -75.16379 39.95234
153 -76.88442 40.2737
154 -77.03637 38.89511
155 -71.05977 42.35843
156 -71.41283 41.82399
157 -73.53873 41.05343
158 -74.00597 40.71427
159 -77.3861 38.96955
160 -79.99589 40.44062
161 6.95 50.93333
162 6.77616 51.22172
163 4.88969 52.37403
164 0.11667 52.2
165 -0.12574 51.50853
166 -0.58333 51.5
167 7.01667 51.45
168 7.45 51.51667
169 7.62571 51.96236
170 4.47917 51.9225
177 -6.26719 53.34399
178 -122.33207 47.60621
179 -122.67621 45.52345
180 -115.13722 36.17497
181 -73.58781 45.50884
182 24.75353 59.43696
183 2.3488 48.85341
184 3.06667 50.63333
185 8.80777 53.07516
186 4.34878 50.85045
187 4.41667 51.21667
188 -8.61667 41.15
189 24.93545 60.16952
190 36.25 50.0
191 30.5238 50.45466
192 21.01178 52.22977
193 19.91667 50.08333
194 16.60796 49.19522
195 -2.22001 52.18935
196 -73.75623 42.65258
0 21.22722 45.74944
1 26.10626 44.43225
2 8.27111 50.0
3 8.46472 49.48833
4 9.17702 48.78232
5 11.06833 49.44778
6 11.57549 48.13743
7 16.37208 48.20849
8 17.10674 48.14816
9 19.03991 47.49801
10 -87.90647 43.0389
11 -93.26384 44.97997
12 -86.25001 41.68338
13 -87.65005 41.85003
14 -94.62746 39.11417
15 -90.19789 38.62727
16 -93.60911 41.60054
17 -95.93779 41.25861
18 -85.75941 38.25424
19 -86.78444 36.16589
20 -5.66444 43.54111
21 -3.80444 43.46472
22 -8.71667 42.23333
23 -5.56667 42.6
24 -0.87734 41.65606
25 2.15899 41.38879
26 -2.92528 43.26271
27 -2.45 42.46667
28 -4.7 40.65
29 -1.97499 43.31283
30 -86.15804 39.76838
31 -84.45689 39.162
32 -83.55521 41.66394
33 -83.04575 42.33143
34 -84.19161 39.75895
35 -82.99879 39.96118
36 -84.56134 39.3995
37 -81.69541 41.4995
38 -78.87837 42.88645
39 -80.60091 40.46423
40 10.74609 59.91273
41 18.0649 59.33258
42 12.56553 55.67594
43 13.00073 55.60587
44 -1.61396 54.97328
45 -1.54785 53.79648
46 -4.25763 55.86515
47 -3.2 55.95
48 -2.97794 53.41058
49 -2.23743 53.48095
50 -9.13333 38.71667
51 -8.41667 40.2
52 -0.48149 38.34517
53 -1.11667 37.98333
54 -3.70256 40.4165
55 -0.37739 39.46975
56 -5.98694 37.37722
57 -6.96667 38.88333
58 -3.60667 37.18817
59 -4.42034 36.72016
60 -97.74306 30.26715
61 -98.49363 29.42412
62 -90.07507 29.95465
63 -90.18481 32.29876
64 -95.99278 36.15398
65 -97.51643 35.46756
66 -97.32085 32.72541
67 -96.80667 32.78306
68 -90.04898 35.14953
69 -95.36327 29.76328
70 0.68333 47.38333
71 -1.55336 47.21725
72 -1.68333 48.08333
73 -0.35912 49.18585
74 1.09932 49.44313
75 4.03333 49.25
76 6.13 49.61167
77 8.68333 50.11667
78 -0.56667 44.83333
79 0.33333 46.58333
80 -80.19366 25.77427
81 -80.0831 26.35869
82 -84.38798 33.749
83 -80.84313 35.22709
84 -79.79198 36.07264
85 -78.63861 35.7721
86 -82.45843 27.94752
87 -81.37924 28.53834
88 -81.65565 30.33218
89 -86.80249 33.52066
90 7.26608 43.70313
91 5.71667 45.16667
92 4.85 45.75
93 5.01667 47.31667
94 1.44367 43.60426
95 3.88333 43.6
96 5.4 43.3
97 23.32415 42.69751
98 14.42076 50.08804
99 6.14569 46.20222
100 7.44744 46.94809
101 -118.24368 34.05223
102 -117.85311 33.78779
103 -122.41942 37.77493
104 -121.95524 37.35411
105 -121.4944 38.58157
106 -122.2708 37.80437
107 -111.89105 40.76078
108 -116.20345 43.6135
109 -117.15726 32.71533
110 -112.07404 33.44838
111 11.87691 43.46139
112 12.4839 41.89474
113 30.73262 46.47747
114 28.05 45.45
115 28.16667 43.41667
116 28.65 44.18333
117 27.46781 42.50606
118 27.91667 43.21667
119 23.32415 42.69751
120 26.31667 41.71667
121 -98.23001 26.20341
122 -99.50754 27.50641
123 -100.38333 20.6
124 -100.31667 25.66667
125 -99.12766 19.42847
126 -103.33333 20.66667
127 -106.65114 35.08449
128 -106.48693 31.75872
129 -104.9847 39.73915
130 -104.82136 38.83388
131 13.73832 51.05089
132 7.6 47.56667
133 7.75 48.58333
134 9.18951 45.46427
135 8.55 47.36667
136 15.97798 45.81444
137 8.93386 44.40632
138 12.32667 45.43861
139 14.50513 46.05108
140 11.25 43.76667
141 11.33875 44.49381
142 13.41053 52.52437
143 10.0 53.55
145 -73.76291 41.03399
146 -76.61219 39.29038
151 -74.17237 40.73566
152 -75.16379 39.95234
153 -76.88442 40.2737
154 -77.03637 38.89511
155 -71.05977 42.35843
156 -71.41283 41.82399
157 -73.53873 41.05343
158 -74.00597 40.71427
159 -77.3861 38.96955
160 -79.99589 40.44062
161 6.95 50.93333
162 6.77616 51.22172
163 4.88969 52.37403
164 0.11667 52.2
165 -0.12574 51.50853
166 -0.58333 51.5
167 7.01667 51.45
168 7.45 51.51667
169 7.62571 51.96236
170 4.47917 51.9225
177 -6.26719 53.34399
178 -122.33207 47.60621
179 -122.67621 45.52345
180 -115.13722 36.17497
181 -73.58781 45.50884
182 24.75353 59.43696
183 2.3488 48.85341
184 3.06667 50.63333
185 8.80777 53.07516
186 4.34878 50.85045
187 4.41667 51.21667
188 -8.61667 41.15
189 24.93545 60.16952
190 36.25 50.0
191 30.5238 50.45466
192 21.01178 52.22977
193 19.91667 50.08333
194 16.60796 49.19522
195 -2.22001 52.18935
196 -73.75623 42.65258
0 21.22722 45.74944
1 26.10626 44.43225
2 8.27111 50.0
3 8.46472 49.48833
4 9.17702 48.78232
5 11.06833 49.44778
6 11.57549 48.13743
7 16.37208 48.20849
8 17.10674 48.14816
9 19.03991 47.49801
10 -87.90647 43.0389
11 -93.26384 44.97997
12 -86.25001 41.68338
13 -87.65005 41.85003
14 -94.62746 39.11417
15 -90.19789 38.62727
16 -93.60911 41.60054
17 -95.93779 41.25861
18 -85.75941 38.25424
19 -86.78444 36.16589
20 -5.66444 43.54111
21 -3.80444 43.46472
22 -8.71667 42.23333
23 -5.56667 42.6
24 -0.87734 41.65606
25 2.15899 41.38879
26 -2.92528 43.26271
27 -2.45 42.46667
28 -4.7 40.65
29 -1.97499 43.31283
30 -86.15804 39.76838
31 -84.45689 39.162
32 -83.55521 41.66394
33 -83.04575 42.33143
34 -84.19161 39.75895
35 -82.99879 39.96118
36 -84.56134 39.3995
37 -81.69541 41.4995
38 -78.87837 42.88645
39 -80.60091 40.46423
40 10.74609 59.91273
41 18.0649 59.33258
42 12.56553 55.67594
43 13.00073 55.60587
44 -1.61396 54.97328
45 -1.54785 53.79648
46 -4.25763 55.86515
47 -3.2 55.95
48 -2.97794 53.41058
49 -2.23743 53.48095
50 -9.13333 38.71667
51 -8.41667 40.2
52 -0.48149 38.34517
53 -1.11667 37.98333
54 -3.70256 40.4165
55 -0.37739 39.46975
56 -5.98694 37.37722
57 -6.96667 38.88333
58 -3.60667 37.18817
59 -4.42034 36.72016
60 -97.74306 30.26715
61 -98.49363 29.42412
62 -90.07507 29.95465
63 -90.18481 32.29876
64 -95.99278 36.15398
65 -97.51643 35.46756
66 -97.32085 32.72541
67 -96.80667 32.78306
68 -90.04898 35.14953
69 -95.36327 29.76328
70 0.68333 47.38333
71 -1.55336 47.21725
72 -1.68333 48.08333
73 -0.35912 49.18585
74 1.09932 49.44313
75 4.03333 49.25
76 6.13 49.61167
77 8.68333 50.11667
78 -0.56667 44.83333
79 0.33333 46.58333
80 -80.19366 25.77427
81 -80.0831 26.35869
82 -84.38798 33.749
83 -80.84313 35.22709
84 -79.79198 36.07264
85 -78.63861 35.7721
86 -82.45843 27.94752
87 -81.37924 28.53834
88 -81.65565 30.33218
89 -86.80249 33.52066
90 7.26608 43.70313
91 5.71667 45.16667
92 4.85 45.75
93 5.01667 47.31667
94 1.44367 43.60426
95 3.88333 43.6
96 5.4 43.3
97 23.32415 42.69751
98 14.42076 50.08804
99 6.14569 46.20222
100 7.44744 46.94809
101 -118.24368 34.05223
102 -117.85311 33.78779
103 -122.41942 37.77493
104 -121.95524 37.35411
105 -121.4944 38.58157
106 -122.2708 37.80437
107 -111.89105 40.76078
108 -116.20345 43.6135
109 -117.15726 32.71533
110 -112.07404 33.44838
111 11.87691 43.46139
112 12.4839 41.89474
113 30.73262 46.47747
114 28.05 45.45
115 28.16667 43.41667
116 28.65 44.18333
117 27.46781 42.50606
118 27.91667 43.21667
119 23.32415 42.69751
120 26.31667 41.71667
121 -98.23001 26.20341
122 -99.50754 27.50641
123 -100.38333 20.6
124 -100.31667 25.66667
125 -99.12766 19.42847
126 -103.33333 20.66667
127 -106.65114 35.08449
128 -106.48693 31.75872
129 -104.9847 39.73915
130 -104.82136 38.83388
131 13.73832 51.05089
132 7.6 47.56667
133 7.75 48.58333
134 9.18951 45.46427
135 8.55 47.36667
136 15.97798 45.81444
137 8.93386 44.40632
138 12.32667 45.43861
139 14.50513 46.05108
140 11.25 43.76667
141 11.33875 44.49381
142 13.41053 52.52437
143 10.0 53.55
145 -73.76291 41.03399
146 -76.61219 39.29038
151 -74.17237 40.73566
152 -75.16379 39.95234
153 -76.88442 40.2737
154 -77.03637 38.89511
155 -71.05977 42.35843
156 -71.41283 41.82399
157 -73.53873 41.05343
158 -74.00597 40.71427
159 -77.3861 38.96955
160 -79.99589 40.44062
161 6.95 50.93333
162 6.77616 51.22172
163 4.88969 52.37403
164 0.11667 52.2
165 -0.12574 51.50853
166 -0.58333 51.5
167 7.01667 51.45
168 7.45 51.51667
169 7.62571 51.96236
170 4.47917 51.9225
177 -6.26719 53.34399
178 -122.33207 47.60621
179 -122.67621 45.52345
180 -115.13722 36.17497
181 -73.58781 45.50884
182 24.75353 59.43696
183 2.3488 48.85341
184 3.06667 50.63333
185 8.80777 53.07516
186 4.34878 50.85045
187 4.41667 51.21667
188 -8.61667 41.15
189 24.93545 60.16952
190 36.25 50.0
191 30.5238 50.45466
192 21.01178 52.22977
193 19.91667 50.08333
194 16.60796 49.19522
195 -2.22001 52.18935
196 -73.75623 42.65258
0 21.22722 45.74944
1 26.10626 44.43225
2 8.27111 50.0
3 8.46472 49.48833
4 9.17702 48.78232
5 11.06833 49.44778
6 11.57549 48.13743
7 16.37208 48.20849
8 17.10674 48.14816
9 19.03991 47.49801
10 -87.90647 43.0389
11 -93.26384 44.97997
12 -86.25001 41.68338
13 -87.65005 41.85003
14 -94.62746 39.11417
15 -90.19789 38.62727
16 -93.60911 41.60054
17 -95.93779 41.25861
18 -85.75941 38.25424
19 -86.78444 36.16589
20 -5.66444 43.54111
21 -3.80444 43.46472
22 -8.71667 42.23333
23 -5.56667 42.6
24 -0.87734 41.65606
25 2.15899 41.38879
26 -2.92528 43.26271
27 -2.45 42.46667
28 -4.7 40.65
29 -1.97499 43.31283
30 -86.15804 39.76838
31 -84.45689 39.162
32 -83.55521 41.66394
33 -83.04575 42.33143
34 -84.19161 39.75895
35 -82.99879 39.96118
36 -84.56134 39.3995
37 -81.69541 41.4995
38 -78.87837 42.88645
39 -80.60091 40.46423
40 10.74609 59.91273
41 18.0649 59.33258
42 12.56553 55.67594
43 13.00073 55.60587
44 -1.61396 54.97328
45 -1.54785 53.79648
46 -4.25763 55.86515
47 -3.2 55.95
48 -2.97794 53.41058
49 -2.23743 53.48095
50 -9.13333 38.71667
51 -8.41667 40.2
52 -0.48149 38.34517
53 -1.11667 37.98333
54 -3.70256 40.4165
55 -0.37739 39.46975
56 -5.98694 37.37722
57 -6.96667 38.88333
58 -3.60667 37.18817
59 -4.42034 36.72016
60 -97.74306 30.26715
61 -98.49363 29.42412
62 -90.07507 29.95465
63 -90.18481 32.29876
64 -95.99278 36.15398
65 -97.51643 35.46756
66 -97.32085 32.72541
67 -96.80667 32.78306
68 -90.04898 35.14953
69 -95.36327 29.76328
70 0.68333 47.38333
71 -1.55336 47.21725
72 -1.68333 48.08333
73 -0.35912 49.18585
74 1.09932 49.44313
75 4.03333 49.25
76 6.13 49.61167
77 8.68333 50.11667
78 -0.56667 44.83333
79 0.33333 46.58333
80 -80.19366 25.77427
81 -80.0831 26.35869
82 -84.38798 33.749
83 -80.84313 35.22709
84 -79.79198 36.07264
85 -78.63861 35.7721
86 -82.45843 27.94752
87 -81.37924 28.53834
88 -81.65565 30.33218
89 -86.80249 33.52066
90 7.26608 43.70313
91 5.71667 45.16667
92 4.85 45.75
93 5.01667 47.31667
94 1.44367 43.60426
95 3.88333 43.6
96 5.4 43.3
97 23.32415 42.69751
98 14.42076 50.08804
99 6.14569 46.20222
100 7.44744 46.94809
101 -118.24368 34.05223
102 -117.85311 33.78779
103 -122.41942 37.77493
104 -121.95524 37.35411
105 -121.4944 38.58157
106 -122.2708 37.80437
107 -111.89105 40.76078
108 -116.20345 43.6135
109 -117.15726 32.71533
110 -112.07404 33.44838
111 11.87691 43.46139
112 12.4839 41.89474
113 30.73262 46.47747
114 28.05 45.45
115 28.16667 43.41667
116 28.65 44.18333
117 27.46781 42.50606
118 27.91667 43.21667
119 23.32415 42.69751
120 26.31667 41.71667
121 -98.23001 26.20341
122 -99.50754 27.50641
123 -100.38333 20.6
124 -100.31667 25.66667
125 -99.12766 19.42847
126 -103.33333 20.66667
127 -106.65114 35.08449
128 -106.48693 31.75872
129 -104.9847 39.73915
130 -104.82136 38.83388
131 13.73832 51.05089
132 7.6 47.56667
133 7.75 48.58333
134 9.18951 45.46427
135 8.55 47.36667
136 15.97798 45.81444
137 8.93386 44.40632
138 12.32667 45.43861
139 14.50513 46.05108
140 11.25 43.76667
141 11.33875 44.49381
142 13.41053 52.52437
143 10.0 53.55
145 -73.76291 41.03399
146 -76.61219 39.29038
151 -74.17237 40.73566
152 -75.16379 39.95234
153 -76.88442 40.2737
154 -77.03637 38.89511
155 -71.05977 42.35843
156 -71.41283 41.82399
157 -73.53873 41.05343
158 -74.00597 40.71427
159 -77.3861 38.96955
160 -79.99589 40.44062
161 6.95 50.93333
162 6.77616 51.22172
163 4.88969 52.37403
164 0.11667 52.2
165 -0.12574 51.50853
166 -0.58333 51.5
167 7.01667 51.45
168 7.45 51.51667
169 7.62571 51.96236
170 4.47917 51.9225
177 -6.26719 53.34399
178 -122.33207 47.60621
179 -122.67621 45.52345
180 -115.13722 36.17497
181 -73.58781 45.50884
182 24.75353 59.43696
183 2.3488 48.85341
184 3.06667 50.63333
185 8.80777 53.07516
186 4.34878 50.85045
187 4.41667 51.21667
188 -8.61667 41.15
189 24.93545 60.16952
190 36.25 50.0
191 30.5238 50.45466
192 21.01178 52.22977
193 19.91667 50.08333
194 16.60796 49.19522
195 -2.22001 52.18935
196 -73.75623 42.65258
0 21.22722 45.74944
1 26.10626 44.43225
2 8.27111 50.0
3 8.46472 49.48833
4 9.17702 48.78232
5 11.06833 49.44778
6 11.57549 48.13743
7 16.37208 48.20849
8 17.10674 48.14816
9 19.03991 47.49801
10 -87.90647 43.0389
11 -93.26384 44.97997
12 -86.25001 41.68338
13 -87.65005 41.85003
14 -94.62746 39.11417
15 -90.19789 38.62727
16 -93.60911 41.60054
17 -95.93779 41.25861
18 -85.75941 38.25424
19 -86.78444 36.16589
20 -5.66444 43.54111
21 -3.80444 43.46472
22 -8.71667 42.23333
23 -5.56667 42.6
24 -0.87734 41.65606
25 2.15899 41.38879
26 -2.92528 43.26271
27 -2.45 42.46667
28 -4.7 40.65
29 -1.97499 43.31283
30 -86.15804 39.76838
31 -84.45689 39.162
32 -83.55521 41.66394
33 -83.04575 42.33143
34 -84.19161 39.75895
35 -82.99879 39.96118
36 -84.56134 39.3995
37 -81.69541 41.4995
38 -78.87837 42.88645
39 -80.60091 40.46423
40 10.74609 59.91273
41 18.0649 59.33258
42 12.56553 55.67594
43 13.00073 55.60587
44 -1.61396 54.97328
45 -1.54785 53.79648
46 -4.25763 55.86515
47 -3.2 55.95
48 -2.97794 53.41058
49 -2.23743 53.48095
50 -9.13333 38.71667
51 -8.41667 40.2
52 -0.48149 38.34517
53 -1.11667 37.98333
54 -3.70256 40.4165
55 -0.37739 39.46975
56 -5.98694 37.37722
57 -6.96667 38.88333
58 -3.60667 37.18817
59 -4.42034 36.72016
60 -97.74306 30.26715
61 -98.49363 29.42412
62 -90.07507 29.95465
63 -90.18481 32.29876
64 -95.99278 36.15398
65 -97.51643 35.46756
66 -97.32085 32.72541
67 -96.80667 32.78306
68 -90.04898 35.14953
69 -95.36327 29.76328
70 0.68333 47.38333
71 -1.55336 47.21725
72 -1.68333 48.08333
73 -0.35912 49.18585
74 1.09932 49.44313
75 4.03333 49.25
76 6.13 49.61167
77 8.68333 50.11667
78 -0.56667 44.83333
79 0.33333 46.58333
80 -80.19366 25.77427
81 -80.0831 26.35869
82 -84.38798 33.749
83 -80.84313 35.22709
84 -79.79198 36.07264
85 -78.63861 35.7721
86 -82.45843 27.94752
87 -81.37924 28.53834
88 -81.65565 30.33218
89 -86.80249 33.52066
90 7.26608 43.70313
91 5.71667 45.16667
92 4.85 45.75
93 5.01667 47.31667
94 1.44367 43.60426
95 3.88333 43.6
96 5.4 43.3
97 23.32415 42.69751
98 14.42076 50.08804
99 6.14569 46.20222
100 7.44744 46.94809
101 -118.24368 34.05223
102 -117.85311 33.78779
103 -122.41942 37.77493
104 -121.95524 37.35411
105 -121.4944 38.58157
106 -122.2708 37.80437
107 -111.89105 40.76078
108 -116.20345 43.6135
109 -117.15726 32.71533
110 -112.07404 33.44838
111 11.87691 43.46139
112 12.4839 41.89474
113 30.73262 46.47747
114 28.05 45.45
115 28.16667 43.41667
116 28.65 44.18333
117 27.46781 42.50606
118 27.91667 43.21667
119 23.32415 42.69751
120 26.31667 41.71667
121 -98.23001 26.20341
122 -99.50754 27.50641
123 -100.38333 20.6
124 -100.31667 25.66667
125 -99.12766 19.42847
126 -103.33333 20.66667
127 -106.65114 35.08449
128 -106.48693 31.75872
129 -104.9847 39.73915
130 -104.82136 38.83388
131 13.73832 51.05089
132 7.6 47.56667
133 7.75 48.58333
134 9.18951 45.46427
135 8.55 47.36667
136 15.97798 45.81444
137 8.93386 44.40632
138 12.32667 45.43861
139 14.50513 46.05108
140 11.25 43.76667
141 11.33875 44.49381
142 13.41053 52.52437
143 10.0 53.55
145 -73.76291 41.03399
146 -76.61219 39.29038
151 -74.17237 40.73566
152 -75.16379 39.95234
153 -76.88442 40.2737
154 -77.03637 38.89511
155 -71.05977 42.35843
156 -71.41283 41.82399
157 -73.53873 41.05343
158 -74.00597 40.71427
159 -77.3861 38.96955
160 -79.99589 40.44062
161 6.95 50.93333
162 6.77616 51.22172
163 4.88969 52.37403
164 0.11667 52.2
165 -0.12574 51.50853
166 -0.58333 51.5
167 7.01667 51.45
168 7.45 51.51667
169 7.62571 51.96236
170 4.47917 51.9225
177 -6.26719 53.34399
178 -122.33207 47.60621
179 -122.67621 45.52345
180 -115.13722 36.17497
181 -73.58781 45.50884
182 24.75353 59.43696
183 2.3488 48.85341
184 3.06667 50.63333
185 8.80777 53.07516
186 4.34878 50.85045
187 4.41667 51.21667
188 -8.61667 41.15
189 24.93545 60.16952
190 36.25 50.0
191 30.5238 50.45466
192 21.01178 52.22977
193 19.91667 50.08333
194 16.60796 49.19522
195 -2.22001 52.18935
196 -73.75623 42.65258
0 21.22722 45.74944
1 26.10626 44.43225
2 8.27111 50.0
3 8.46472 49.48833
4 9.17702 48.78232
5 11.06833 49.44778
6 11.57549 48.13743
7 16.37208 48.20849
8 17.10674 48.14816
9 19.03991 47.49801
10 -87.90647 43.0389
11 -93.26384 44.97997
12 -86.25001 41.68338
13 -87.65005 41.85003
14 -94.62746 39.11417
15 -90.19789 38.62727
16 -93.60911 41.60054
17 -95.93779 41.25861
18 -85.75941 38.25424
19 -86.78444 36.16589
20 -5.66444 43.54111
21 -3.80444 43.46472
22 -8.71667 42.23333
23 -5.56667 42.6
24 -0.87734 41.65606
25 2.15899 41.38879
26 -2.92528 43.26271
27 -2.45 42.46667
28 -4.7 40.65
29 -1.97499 43.31283
30 -86.15804 39.76838
31 -84.45689 39.162
32 -83.55521 41.66394
33 -83.04575 42.33143
34 -84.19161 39.75895
35 -82.99879 39.96118
36 -84.56134 39.3995
37 -81.69541 41.4995
38 -78.87837 42.88645
39 -80.60091 40.46423
40 10.74609 59.91273
41 18.0649 59.33258
42 12.56553 55.67594
43 13.00073 55.60587
44 -1.61396 54.97328
45 -1.54785 53.79648
46 -4.25763 55.86515
47 -3.2 55.95
48 -2.97794 53.41058
49 -2.23743 53.48095
50 -9.13333 38.71667
51 -8.41667 40.2
52 -0.48149 38.34517
53 -1.11667 37.98333
54 -3.70256 40.4165
55 -0.37739 39.46975
56 -5.98694 37.37722
57 -6.96667 38.88333
58 -3.60667 37.18817
59 -4.42034 36.72016
60 -97.74306 30.26715
61 -98.49363 29.42412
62 -90.07507 29.95465
63 -90.18481 32.29876
64 -95.99278 36.15398
65 -97.51643 35.46756
66 -97.32085 32.72541
67 -96.80667 32.78306
68 -90.04898 35.14953
69 -95.36327 29.76328
70 0.68333 47.38333
71 -1.55336 47.21725
72 -1.68333 48.08333
73 -0.35912 49.18585
74 1.09932 49.44313
75 4.03333 49.25
76 6.13 49.61167
77 8.68333 50.11667
78 -0.56667 44.83333
79 0.33333 46.58333
80 -80.19366 25.77427
81 -80.0831 26.35869
82 -84.38798 33.749
83 -80.84313 35.22709
84 -79.79198 36.07264
85 -78.63861 35.7721
86 -82.45843 27.94752
87 -81.37924 28.53834
88 -81.65565 30.33218
89 -86.80249 33.52066
90 7.26608 43.70313
91 5.71667 45.16667
92 4.85 45.75
93 5.01667 47.31667
94 1.44367 43.60426
95 3.88333 43.6
96 5.4 43.3
97 23.32415 42.69751
98 14.42076 50.08804
99 6.14569 46.20222
100 7.44744 46.94809
101 -118.24368 34.05223
102 -117.85311 33.78779
103 -122.41942 37.77493
104 -121.95524 37.35411
105 -121.4944 38.58157
106 -122.2708 37.80437
107 -111.89105 40.76078
108 -116.20345 43.6135
109 -117.15726 32.71533
110 -112.07404 33.44838
111 11.87691 43.46139
112 12.4839 41.89474
113 30.73262 46.47747
114 28.05 45.45
115 28.16667 43.41667
116 28.65 44.18333
117 27.46781 42.50606
118 27.91667 43.21667
119 23.32415 42.69751
120 26.31667 41.71667
121 -98.23001 26.20341
122 -99.50754 27.50641
123 -100.38333 20.6
124 -100.31667 25.66667
125 -99.12766 19.42847
126 -103.33333 20.66667
127 -106.65114 35.08449
128 -106.48693 31.75872
129 -104.9847 39.73915
130 -104.82136 38.83388
131 13.73832 51.05089
132 7.6 47.56667
133 7.75 48.58333
134 9.18951 45.46427
135 8.55 47.36667
136 15.97798 45.81444
137 8.93386 44.40632
138 12.32667 45.43861
139 14.50513 46.05108
140 11.25 43.76667
141 11.33875 44.49381
142 13.41053 52.52437
143 10.0 53.55
145 -73.76291 41.03399
146 -76.61219 39.29038
151 -74.17237 40.73566
152 -75.16379 39.95234
153 -76.88442 40.2737
154 -77.03637 38.89511
155 -71.05977 42.35843
156 -71.41283 41.82399
157 -73.53873 41.05343
158 -74.00597 40.71427
159 -77.3861 38.96955
160 -79.99589 40.44062
161 6.95 50.93333
162 6.77616 51.22172
163 4.88969 52.37403
164 0.11667 52.2
165 -0.12574 51.50853
166 -0.58333 51.5
167 7.01667 51.45
168 7.45 51.51667
169 7.62571 51.96236
170 4.47917 51.9225
177 -6.26719 53.34399
178 -122.33207 47.60621
179 -122.67621 45.52345
180 -115.13722 36.17497
181 -73.58781 45.50884
182 24.75353 59.43696
183 2.3488 48.85341
184 3.06667 50.63333
185 8.80777 53.07516
186 4.34878 50.85045
187 4.41667 51.21667
188 -8.61667 41.15
189 24.93545 60.16952
190 36.25 50.0
191 30.5238 50.45466
192 21.01178 52.22977
193 19.91667 50.08333
194 16.60796 49.19522
195 -2.22001 52.18935
196 -73.75623 42.65258
