2.011 515
1.978 519
2.000 494
2.232 523
2.020 501
2.158 503
2.016 524
2.270 503
2.006 508
1.761 441
2.191 520
2.006 531
2.019 526
2.332 530
1.936 510
1.933 523
2.002 505
1.992 481
2.082 516
2.154 538
2.169 529
1.941 471
1.935 515
9.770 2526
10.000 2472
9.961 2512
9.780 2510
10.000 2481
9.814 2477
10.083 2471
9.709 2483
9.840 2423
10.144 2608
10.061 2486
9.919 2457
9.951 2450
10.000 2527
9.595 2423
9.825 2411
9.686 2498
9.968 2460
9.447 2423
9.929 2501
10.102 2535
9.917 2503
10.132 2509
2.017 1016
2.124 1050
2.088 1018
1.976 985
2.138 1026
1.885 974
2.075 1008
2.086 999
1.870 982
2.060 1030
1.873 981
1.999 1066
1.806 934
1.936 987
1.936 977
1.938 991
1.867 979
2.008 1024
2.093 978
2.040 1037
1.945 966
2.084 1045
2.043 1024
